3.66721
3.3298
4.17086
3.37665
2.12515
3.83664
4.64555
4.36524
4.03941
3.7936
3.62708
4.50527
4.59773
2.89372
3.19464
2.89257
4.12411
4.17125
3.25551
1.24846
2.10749
2.1752
2.32143
2.28417
2.77392
2.52624
3.03927
2.38624
3.02345
2.49607
5.29911
3.41042
3.14036
3.88275
3.25855
5.23414
4.19055
3.73771
5.8209
5.09157
3.34191
2.67813
2.61409
3.44365
1.5293
1.85161
2.68764
0.912286
0.79396
1.78649
4.03526
4.24219
3.15454
3.63523
4.00563
3.31581
2.78
3.77157
3.70644
4.03249
3.6549
4.01526
3.78091
4.27523
3.3727
4.76997
4.24667
4.22705
4.59164
4.7246
4.62677
4.99788
4.7066
4.83053
4.50955
2.82048
2.72892
3.75256
1.46752
3.65054
3.5943
3.57396
4.34751
3.97781
4.60774
4.30801
4.01072
4.11566
4.36008
3.98707
4.14933
3.67389
4.59919
4.05389
4.49706
4.0041
4.39065
4.57893
4.31396
4.49658
2.78418
2.45303
3.37019
3.00225
3.37598
3.32955
3.27166
2.61312
3.55767
3.59771
4.43917
4.5897
4.30638
4.44056
4.58316
4.62088
4.52779
4.47144
4.13048
4.63378
3.3938
3.92083
3.46357
3.60991
4.00829
3.34072
3.36647
3.19533
4.06311
3.47514
4.08463
4.3602
3.46358
4.41703
4.08173
4.17976
4.70169
4.79384
4.43679
4.45127
2.94788
3.77518
3.01793
2.79464
2.61389
2.70862
2.03133
2.83016
3.04688
2.30098
4.40309
4.22556
5.48987
4.87591
4.92609
4.65744
4.49257
4.30001
4.48418
3.36274
3.41255
3.60527
3.48827
2.72451
2.40344
3.44342
3.04656
2.11363
3.40942
2.86285
3.25521
4.07211
4.09503
3.83337
3.40959
4.2702
3.7154
4.07909
3.12703
2.96677
3.42629
3.8925
3.53045
3.68067
3.43746
4.1026
3.83097
3.91258
3.94336
3.43838
2.56918
3.26863
3.11442
2.88419
2.80573
3.26264
3.19253
2.20076
2.85268
2.80217
1.65571
3.82775
3.2099
3.3368
3.39619
1.80006
1.8863
3.92586
3.66901
2.31142
4.3112
2.69925
3.89902
3.49223
4.27195
2.5471
1.21754
4.11491
4.52006
2.96125
4.02342
3.94279
3.82184
3.71873
2.60887
3.54156
2.97491
3.38852
4.07707
2.97116
5.07984
4.37261
4.25912
4.81763
3.90156
3.97699
4.78445
3.57564
3.84951
3.64663
3.69457
4.28565
4.11288
3.96408
3.94706
3.87748
4.04923
4.23541
3.20268
3.98802
3.28604
3.04362
2.94363
2.25018
3.46045
2.57187
2.83282
1.89003
2.59326
2.67224
2.98744
3.71922
2.89855
3.61051
2.25012
3.76944
3.12152
3.25311
3.01372
2.38177
4.2116
4.38557
3.97671
4.50161
4.8184
4.07464
3.99969
3.27434
4.03654
3.39932
4.30493
4.33953
3.02133
3.33323
2.64892
2.30778
2.37803
2.88216
3.13476
3.57595
3.80182
4.02581
3.61768
4.29707
3.59632
4.06173
2.58927
2.69988
2.38558
4.33785
3.82129
3.88405
3.16295
4.05681
3.97804
3.93448
3.83838
1.99906
3.68939
3.02422
3.32775
3.39792
3.7765
3.11206
3.18187
3.61277
2.68081
2.72211
3.49486
3.26426
3.94989
3.38813
4.15759
4.50559
3.76819
4.21723
3.7149
3.71999
3.09044
3.84139
5.23353
3.20419
2.20502
4.80584
3.75968
3.20201
3.23075
3.4172
3.14897
3.20921
3.27663
2.55027
2.72903
2.55132
3.14849
3.37678
2.44407
2.38319
2.67617
2.56337
4.38832
4.47525
4.71214
3.68784
3.78381
2.92629
4.12148
5.02026
4.07694
3.22976
3.87551
4.33859
4.19356
3.87979
4.04654
3.72903
3.67215
3.62257
2.54926
3.27136
4.70891
3.28812
3.70598
3.89323
3.68704
3.6435
4.39373
3.57377
2.6753
2.3967
3.86476
4.02212
3.85942
4.63403
4.12037
3.72528
3.38502
3.67821
2.36216
4.06519
2.07581
2.69052
2.7149
2.49563
2.79365
2.53723
2.56379
2.52746
2.59805
2.03567
3.52152
3.18242
3.80089
3.62237
3.35945
3.61006
3.45875
3.4082
3.45909
3.25287
3.39059
4.28483
3.87836
3.41302
4.38319
3.14163
4.13537
3.488
4.27032
3.30117
3.70706
3.73259
3.03869
2.18482
3.16471
3.50955
3.70958
4.15201
2.83097
3.43258
3.47087
4.25808
2.76599
3.93628
3.06628
3.66083
3.09859
3.40879
3.47376
3.25256
3.90244
3.59183
3.30262
3.61651
4.80072
3.29159
3.65784
2.93172
3.30406
3.27735
4.63568
4.02524
3.95549
3.22991
3.89703
4.24667
3.43018
3.48759
3.57749
4.71685
4.00652
3.53772
4.08277
3.94171
3.35105
2.62071
3.32928
3.79308
2.23484
3.49531
4.54549
4.08416
2.43631
2.92532
2.91145
4.31617
3.39448
4.30045
2.67402
3.05461
3.31395
2.64292
3.36285
2.94458
2.12297
2.86421
2.25192
3.06574
2.99497
1.24
3.65992
3.19911
2.75253
3.89943
3.67451
3.06575
3.2102
4.18225
2.41627
3.44059
4.09521
3.41958
3.19286
3.01414
3.23807
3.15365
3.04931
3.51398
3.35143
2.69458
4.40711
4.50071
3.7964
4.23147
3.34938
3.53368
5.04495
3.34812
4.14324
3.89278
3.31599
4.35238
4.31163
4.06429
4.38862
3.62698
3.22395
3.43357
3.70218
3.84381
3.02865
4.19326
4.25815
4.13288
4.67065
3.36495
3.1478
3.48757
3.95238
2.97398
3.94226
4.07703
3.90115
2.37882
3.6552
3.41909
2.69643
3.41851
3.26499
2.15734
3.94112
3.3738
3.93994
4.05482
3.54886
3.24521
3.20894
3.62667
3.32617
3.0547
4.28478
4.32442
4.07837
2.3836
3.39931
3.82913
2.84483
2.88608
2.56017
2.8823
3.93671
4.11327
3.52214
3.49677
4.19597
3.62195
4.07827
4.01692
3.89215
3.65661
4.7218
4.33388
4.06772
3.26453
2.77788
3.22286
3.80466
3.82443
3.66644
2.49069
4.28025
3.53271
4.22401
3.88818
3.67769
4.43859
4.2509
4.22651
4.16865
3.90535
1.93428
2.78763
2.2014
3.05711
2.736
1.92301
2.48886
2.18179
2.91871
2.11354
4.03964
2.41076
3.09029
2.86208
3.20162
3.05615
3.83817
2.30878
2.64619
2.39878
3.19806
3.58545
3.71477
3.77362
3.18744
2.83447
2.91732
3.66127
2.4328
3.1229
3.23696
3.98578
3.22096
3.34849
3.72814
3.76521
3.61369
3.79781
3.65066
3.83246
3.29184
3.91097
4.15768
4.11297
3.8378
4.14625
3.99796
3.5445
3.58546
3.74496
3.8225
3.48575
3.86158
4.0307
2.98572
3.64394
3.825
3.56225
3.07962
2.48837
4.58294
5.20204
4.16609
3.96946
3.96356
2.95056
3.85159
2.23311
3.50912
2.85133
3.95783
2.54012
1.75723
4.49655
3.08367
2.30582
2.31585
2.38602
2.63416
1.63997
4.60049
4.78208
4.53097
4.26768
3.06876
4.13878
4.02394
4.39228
2.96231
4.72813
4.54681
3.78671
4.04389
2.87709
3.10053
3.74068
3.45568
3.6469
3.50671
2.84823
3.90397
3.80028
4.08034
2.87422
3.75175
4.04067
3.58469
3.6844
3.71584
4.08743
4.29052
3.12986
3.93714
3.11237
3.67603
3.82376
2.72971
4.08912
3.09026
2.82371
4.29071
4.32709
2.11543
4.48133
3.34977
4.31848
4.2825
4.19507
3.08421
4.22855
3.85549
3.97376
4.17398
3.84829
3.98984
4.73747
3.98238
3.69589
3.34247
3.81209
2.90134
3.35572
3.53775
3.52308
3.08949
2.53168
2.1323
3.84878
2.62773
3.67801
3.67684
3.70676
4.30282
4.18484
3.95969
3.98275
3.66375
3.85991
3.47397
3.67249
3.93684
3.56489
2.48661
4.24745
4.0231
3.72387
3.66898
4.14133
3.86711
3.58832
3.64619
3.80439
3.95302
3.32391
3.79059
3.2226
2.70266
2.37501
2.79861
3.33821
4.28531
4.33701
4.27563
4.18175
4.26275
3.45788
4.03491
3.89377
3.43129
3.54978
3.94986
4.3941
3.68559
3.91188
4.02379
3.92589
4.13052
3.33925
3.60457
3.21045
3.02715
4.25979
3.55932
2.93843
2.97594
3.40831
3.6503
2.9548
3.71428
2.50754
3.27054
3.64654
3.43726
3.74313
2.74258
3.01736
2.41354
2.3209
2.24128
2.96322
2.74668
3.96444
4.34614
4.35541
3.57913
3.44034
4.06526
3.30905
3.20982
3.69391
4.34473
3.67227
3.41892
3.30575
3.35717
4.26698
3.95429
3.91781
3.401
2.75742
3.05038
2.96352
3.23733
2.00632
4.02103
3.29686
3.51439
3.45447
3.05499
3.05371
3.40981
3.99324
3.72529
3.59554
3.52135
3.76776
3.55245
3.60911
3.88899
4.29964
3.20063
4.59858
4.80876
4.09248
3.76525
3.22986
2.67735
3.27032
3.13378
4.05978
2.88017
3.5341
4.47117
4.57295
3.59265
3.35554
4.16282
3.24154
3.58025
4.42699
4.25121
4.83186
4.34156
4.29613
3.96377
4.484
3.74115
3.93142
4.25893
3.23157
3.84413
4.76707
2.44831
3.58402
4.06912
4.06617
4.70945
4.31336
3.65441
3.76332
4.41645
4.75815
3.95824
2.80685
3.14845
3.85792
3.83349
4.15583
3.3779
2.83034
3.00369
4.07331
4.07479
2.804
3.29873
3.45451
2.91499
3.27038
1.92658
1.98933
3.06401
2.77453
2.02106
3.31761
1.94122
2.48907
2.49349
2.71676
2.25122
2.88969
2.84871
3.47994
3.64318
2.99632
2.18734
3.7128
4.10179
2.36944
2.90844
2.73496
4.10437
3.05285
3.90502
4.46825
3.11708
4.06892
2.69828
3.45098
3.5929
2.99312
3.93431
4.05458
3.51782
3.81991
3.75039
4.37444
4.24658
4.146
3.80133
3.82498
4.65213
4.39012
4.20173
3.77268
3.9665
3.74475
3.93938
3.89967
4.20358
3.08228
3.5323
3.92902
4.06629
3.48622
3.86869
3.26144
3.88619
4.1404
4.40728
2.24403
3.60808
4.6839
4.5095
3.49506
4.11838
4.15363
3.27726
3.94526
3.28217
3.56789
2.66815
3.17513
3.06258
3.39277
2.59714
2.73075
3.06058
3.0569
2.73919
3.36262
3.44566
2.58703
2.95995
3.55874
2.91332
2.42901
3.1949
3.21559
2.98742
2.47168
2.81762
2.60791
2.39377
2.51352
2.6317
3.34151
3.10806
2.55707
2.23372
2.3181
3.52595
3.92575
3.64905
3.16489
3.40099
3.94024
3.54315
3.48691
3.55168
3.53052
2.77104
3.14463
2.44203
2.08891
2.59584
2.37728
1.86323
1.67133
2.73118
2.67961
3.64217
3.61105
3.0798
4.1499
3.38687
2.94608
3.02736
2.66161
3.01065
2.88938
3.32757
3.94759
3.76859
3.91575
3.62036
3.59592
3.64585
3.29157
3.54015
2.5891
2.86882
3.42424
3.5484
2.82482
2.33914
3.47691
3.37651
2.90079
2.48826
3.51611
4.01492
4.45018
4.40335
2.6878
2.81646
3.98745
3.43205
4.22438
3.01203
3.24519
4.00549
3.57787
3.88082
3.83248
3.70749
3.75801
2.66887
3.73021
2.61907
3.33675
3.10927
2.94025
3.0941
3.59907
2.96219
2.71665
2.12334
2.92315
2.33652
1.35578
4.03466
4.50441
3.30325
4.64644
3.35829
3.54464
3.04536
3.70666
3.56121
3.32174
3.40317
4.07085
3.43612
3.38048
3.46547
3.6026
3.44297
3.62862
4.00393
3.76003
4.23699
3.96647
3.49708
3.20892
3.43584
3.3476
3.87295
3.54537
3.37066
2.04644
3.31962
3.41026
3.66666
3.75033
3.30951
3.11772
3.42831
3.3493
3.29761
2.55257
3.66233
3.66315
3.9313
4.30462
4.64078
3.76577
3.41665
3.21427
3.43507
3.66249
3.31095
3.5331
3.03033
2.62003
2.57986
2.94113
2.26497
2.99238
2.95946
2.71505
4.05271
4.79148
4.11605
3.79468
4.5926
4.21404
3.71611
1.9029
3.11382
3.12143
5.18931
5.14528
5.08015
4.70131
4.31604
4.95619
5.22054
4.40989
5.17237
3.68657
4.27496
3.92295
3.70238
4.47361
3.73302
3.91606
4.14264
2.81367
3.92721
4.20703
3.73639
3.41782
3.06909
2.80277
3.61672
3.55449
3.63889
3.04768
2.61106
3.21616
4.09707
3.64919
2.97561
2.91268
3.90645
3.07577
2.65539
3.79297
3.94352
3.42216
4.09359
3.51632
3.69493
3.73304
4.44831
4.18239
4.3735
3.87336
3.78918
4.13608
3.64385
2.98036
3.93493
3.88848
4.05341
4.00152
4.21994
3.69869
4.1529
3.74979
3.42328
3.63107
3.44262
3.30095
3.38893
3.41837
2.74709
3.3331
2.61134
3.29577
2.73742
3.37344
3.4773
3.8185
2.17101
4.4547
2.79825
3.98283
3.79822
1.30524
3.66974
3.34866
3.38518
3.13926
3.62528
3.26583
3.32289
3.38958
3.50583
3.22493
4.28718
3.92181
3.56334
3.89316
3.19019
3.77873
4.61597
4.26101
4.10921
3.91154
3.71839
4.07624
3.78423
4.08971
3.34262
4.15945
4.097
3.66277
4.39958
3.13859
3.19949
2.17164
3.07246
3.15389
2.17064
2.74741
2.25188
2.36004
1.44979
3.3042
2.98531
3.7441
4.84816
3.89085
3.688
3.57276
3.03673
3.48927
1.61975
3.72986
4.28211
4.55257
4.08773
4.07847
3.85055
4.47012
4.67824
4.25796
3.84467
3.66353
3.66098
3.96554
3.73953
3.9018
3.70895
3.512
3.78885
3.57001
3.41907
3.6788
3.36136
2.59639
3.78021
2.78107
2.839
2.49726
3.66415
2.86389
3.09902
3.13055
3.74954
3.02344
2.94928
4.55317
4.75144
3.52071
3.2419
3.23865
3.96062
3.94171
4.05165
3.31449
2.9414
2.78365
2.97892
2.58573
3.32371
2.81128
2.84344
2.84665
4.61332
4.39756
4.53167
3.37595
4.19696
3.68425
4.38317
4.01964
4.42883
4.40311
4.99771
3.91143
4.3792
4.871
4.03225
3.18474
4.41494
3.99423
3.71713
3.37469
3.57572
3.65572
3.85249
4.29088
4.85172
4.55885
4.51481
4.47914
4.11235
4.31028
4.48381
3.89366
4.05115
4.04998
3.65738
3.99222
4.1691
3.48735
4.05833
3.72858
4.0319
4.05798
3.54619
3.39404
3.73354
3.22748
2.69571
3.40732
3.72455
3.22762
4.22448
4.0582
3.68614
3.70361
3.89535
3.87633
3.83355
3.32675
2.89456
3.53027
3.67769
3.39136
4.18259
4.38096
3.71557
3.87104
1.40241
2.92402
2.53693
2.96247
4.23636
4.32803
3.38554
2.92205
3.86092
3.36718
4.0956
3.25919
3.67662
2.34463
3.99052
2.56407
3.33918
3.85867
3.85692
3.367
3.52024
3.86784
3.45343
2.35372
3.65771
4.41342
3.95776
3.895
3.26524
3.21795
2.68919
3.03672
2.62712
3.08523
3.97695
3.79088
4.20272
3.95484
4.28536
3.88368
3.60309
1.79402
3.41723
3.45079
4.1138
4.55865
4.34657
4.2147
3.6319
4.32819
4.23007
3.67657
3.19415
4.31288
4.10555
3.51008
4.75236
2.89011
4.37095
4.19051
4.09548
4.74941
3.58726
4.22944
3.5235
2.74041
3.27116
2.93115
2.82254
2.51787
2.90387
2.77923
2.39995
3.54307
4.04638
3.79673
4.44102
3.28438
4.32928
4.14527
3.75879
4.32545
4.22195
3.29468
3.80571
4.49304
3.58432
3.90193
4.42121
3.64922
3.89796
3.99124
3.85597
2.73801
3.85431
4.37872
4.14197
4.62986
3.87244
5.00842
3.72571
2.3242
4.09547
3.68184
3.36611
3.62469
3.72508
3.51006
3.08294
3.44518
2.59426
2.62195
3.3613
2.31013
4.14577
4.41754
4.2383
3.63925
2.68424
4.18983
4.68293
4.34769
4.64339
3.68144
3.49804
2.05244
2.97234
2.93768
1.89515
2.94873
2.27152
2.20325
1.91504
1.49992
3.79831
3.3713
3.92036
3.65829
3.96092
3.49746
3.6553
3.70688
4.17804
4.21305
3.87917
4.91891
4.30875
4.27044
4.09092
3.49634
3.92204
3.49034
3.33023
2.94942
3.6221
3.39938
3.81908
4.23688
3.86029
4.4678
3.11265
3.51862
3.71351
4.09628
3.57961
3.46518
2.74309
2.6876
3.49696
4.14868
3.64741
3.66092
3.57704
1.81113
5.23268
3.49263
4.42683
4.17913
4.07501
4.00618
3.97556
3.48101
3.73992
2.56599
2.54789
2.69979
2.80783
2.06912
2.60159
2.55331
2.27655
2.78084
2.34774
1.56872
3.39188
3.64761
3.93206
3.71338
3.39007
3.80989
3.38614
3.80561
4.16352
2.92283
2.86447
3.66329
3.1999
3.43358
3.21428
2.95314
2.76149
2.66594
3.65281
2.54601
4.69864
4.10766
3.41263
3.03958
3.48718
3.91384
3.74002
4.12435
4.00564
3.8734
4.05809
4.18897
4.12943
3.86562
3.63445
3.59072
2.66463
3.37265
3.96642
4.30182
3.79308
3.322
3.98538
3.28863
3.3063
3.87749
3.0281
3.03997
3.52386
2.30094
4.24921
2.9098
2.29054
3.26207
3.71448
4.03461
4.42217
4.19311
3.55833
1.10151
2.86441
2.20072
3.66579
3.78598
2.98329
3.28594
3.10547
3.67897
3.20247
3.76894
4.02086
4.33335
4.59905
4.28074
2.87837
3.42959
3.14307
4.1876
4.29587
3.74165
3.63398
3.21649
3.77196
3.23743
3.55354
4.05425
3.92649
3.74184
3.26876
3.51653
2.8499
3.40294
3.691
3.44804
3.84558
3.42922
4.13642
3.10099
3.34561
3.10825
3.27543
2.54864
3.14829
3.214
2.91429
3.3477
3.00267
3.52638
3.52578
3.11579
5.28198
3.23941
4.86305
3.75178
3.54113
4.65119
3.6907
3.58399
4.16433
3.31534
2.42701
3.2261
4.12036
4.74336
1.464
2.3244
4.21906
4.028
4.6426
3.58737
3.67701
3.51062
4.19763
4.23059
4.21803
3.79861
3.56963
4.30824
3.27003
1.78756
3.62672
4.42448
3.73463
2.77693
4.00138
4.08827
3.4263
3.70209
3.30186
3.13355
4.51111
3.37107
3.88399
3.8939
4.0584
1.39669
2.41332
3.23022
3.27023
3.39602
4.12061
3.41081
3.91724
3.42818
4.06446
3.36635
4.23759
3.37183
4.01868
3.62019
3.09955
2.61218
3.10921
3.30324
3.04537
2.25519
2.87774
2.7322
3.81988
3.06315
2.8244
3.56159
4.31024
3.97109
3.57299
3.97406
4.24693
3.30621
3.80274
3.98499
1.60417
2.03919
1.43733
1.46115
1.77252
1.26089
1.19909
1.57021
1.47903
1.19595
4.1022
3.92687
3.74493
4.3206
3.85567
3.6047
4.07821
3.19162
3.59052
3.22143
3.28224
3.45794
2.83209
3.49448
2.77419
2.9545
4.12352
2.97401
2.71981
2.55978
4.08061
3.75609
3.97522
4.29949
3.15551
3.44701
3.22166
2.41838
4.05692
3.6507
4.1725
4.3125
4.46353
4.12627
4.06847
3.67486
4.11601
3.37193
4.12845
3.88904
3.57791
2.82703
2.52919
3.24878
3.09073
3.7929
3.36679
3.60303
3.68247
2.79019
4.30644
4.86621
3.94107
4.10469
4.21407
4.24098
4.06845
4.54999
4.25666
3.82844
3.88007
4.07041
4.1025
4.25941
3.62952
3.91928
3.62878
3.90578
3.89401
2.7429
3.80679
4.45033
4.47689
4.24129
4.1296
4.14049
4.00212
3.25718
3.74399
3.14919
3.86541
3.37706
3.85704
3.63152
3.11499
2.68685
3.7465
3.44083
2.98276
2.45365
4.05889
3.07851
3.18405
4.15208
3.70276
4.09436
3.3325
3.25821
3.29636
4.17851
4.3552
2.48606
3.11345
3.84685
3.42188
2.43206
1.94252
2.3248
3.06962
3.84663
3.30734
1.83426
2.38925
3.83331
2.77885
2.58653
2.61982
3.02589
3.26722
2.85907
2.59648
2.84307
3.57162
3.77693
3.56315
2.75173
2.87366
3.10882
2.1745
2.86478
3.56091
3.99134
3.48795
3.7649
3.35008
3.20349
4.57498
3.29523
2.88315
1.74746
2.50654
3.35304
3.57977
4.15273
4.24633
3.83095
3.61318
2.9804
3.85127
3.96581
3.04996
3.99522
3.4703
3.80939
3.59375
2.69831
3.26191
4.19169
3.68224
1.73989
3.54976
3.43875
3.92504
2.27101
4.00087
3.80245
3.56247
3.66589
3.9467
2.98878
3.87656
4.0487
3.34081
3.63194
1.80618
1.69058
3.45292
3.33877
1.45055
1.15646
4.54833
5.06671
4.61282
3.83757
5.20945
3.79288
4.84101
4.64871
4.33229
3.20684
2.74199
3.58444
3.15148
3.94487
3.13453
2.98684
1.95396
3.32026
2.84171
2.71789
3.06445
3.06312
2.87366
2.7439
2.36355
1.99162
2.47226
2.5739
2.649
2.36155
3.22276
3.74387
3.14056
4.15517
3.66354
3.14806
3.14575
3.29695
2.67138
3.44797
3.63773
4.22688
3.65594
3.43119
3.88041
3.80266
2.88606
4.0236
3.88166
2.20879
2.89402
2.86652
2.49386
2.67757
3.57067
3.43806
2.64866
2.99712
2.38762
2.34022
1.68269
3.21107
2.67654
1.76906
3.0983
1.11354
2.36954
1.9958
2.18763
1.78264
2.82958
3.39179
2.86287
3.17308
3.48736
4.30222
3.02188
3.51238
3.32312
3.38942
3.9478
3.58825
3.81093
3.89255
3.90996
3.55205
3.6174
3.06266
3.584
3.46512
3.64817
3.95951
3.64623
3.71606
2.35006
2.46804
4.29757
1.67309
2.57685
2.85838
2.88855
4.07542
3.87121
4.09315
3.43284
4.23711
3.67439
4.83394
3.61437
4.39883
3.27959
3.85109
3.38756
2.278
2.81839
3.5619
3.16199
3.39139
2.67552
2.15953
4.13291
4.248
4.40403
4.12447
3.78085
3.72657
4.31272
4.33438
4.40742
4.0704
3.94025
4.47451
4.82427
4.84823
4.57372
3.36839
4.20767
3.36901
4.95263
4.11466
3.10126
3.88574
3.96587
3.91977
3.97314
3.96279
3.56427
4.01972
3.06781
3.85203
3.89402
3.52565
3.71027
3.65955
4.06864
3.95703
3.93976
3.21274
3.38588
3.96805
4.09519
3.87964
3.66028
4.18965
4.42301
3.99739
3.79915
4.14793
3.70646
3.58928
2.83591
3.28858
3.28996
3.06687
3.06521
3.03416
3.49967
3.05422
2.92102
2.80675
3.07597
3.73113
3.63146
3.82622
3.4993
3.3041
3.68413
3.74197
3.82434
2.9737
4.6914
3.28419
5.13432
4.357
5.62978
4.62735
4.05977
2.34366
4.09627
3.92074
3.99335
3.8354
4.14848
3.63843
3.82237
4.22702
2.90877
3.87297
3.33088
3.16817
4.06713
3.55153
3.75272
3.875
4.51881
3.63208
4.01131
3.77752
3.08187
1.2755
3.3727
3.73181
3.11617
3.12475
2.61893
3.08137
3.29167
3.58458
3.16801
3.15756
3.43326
3.49557
3.41456
3.60636
2.76303
3.51955
3.23095
2.61158
2.54027
2.39045
2.54014
2.64188
3.89729
3.55322
3.09104
3.27314
2.8646
1.98782
2.56864
2.98818
5.34993
4.89779
4.4956
4.90523
4.70472
4.32926
4.07196
4.99767
4.40552
3.86103
3.8593
3.4793
3.84485
3.46915
4.54832
3.75441
3.81879
3.65517
3.48784
4.10001
4.38291
3.86552
2.83396
3.44078
2.99238
4.05707
4.10675
3.73778
3.16924
2.4438
3.3897
3.33156
2.578
3.93018
3.59796
1.92746
2.72525
3.57051
3.20062
2.47154
2.29412
3.78876
3.18148
3.45149
2.28656
3.22726
2.17382
2.20261
3.15202
2.56202
3.07563
4.14394
3.90391
3.89157
4.74527
4.37205
2.84044
4.25527
4.40387
3.42975
3.36061
3.90047
4.30757
3.54283
3.60312
3.02875
3.39147
3.35374
3.11186
3.20845
3.77124
4.02655
3.88348
3.83338
4.05644
4.1929
4.08415
4.58775
3.12994
3.97096
4.58353
4.30846
3.95106
4.05406
4.49124
4.79568
1.90547
4.70494
3.95719
4.47877
3.01791
3.41598
2.61112
3.78966
2.53908
3.35854
3.09535
2.00998
3.41009
3.22753
3.49499
3.77722
4.36678
2.96449
3.59154
4.3717
4.47329
4.37774
4.13078
2.07203
3.59725
3.6956
3.77445
3.31708
3.58318
3.5637
4.08238
3.38547
3.44263
3.34486
4.15222
3.82303
4.30899
4.22351
3.88595
3.95477
3.90391
3.96672
4.07796
3.12742
3.33194
3.19257
3.59621
3.13505
2.826
3.79602
3.02119
2.78822
3.2082
3.09826
4.46731
4.76262
3.37877
3.89354
3.40526
3.93657
3.83176
4.69492
4.44548
4.17466
5.23409
3.88057
3.5395
3.67197
3.8088
4.77279
2.59541
3.1963
2.95899
3.42527
3.62819
2.82765
3.37367
4.30474
3.25113
3.08385
3.39046
3.90523
3.1387
3.64724
4.95661
4.58867
4.407
3.92313
4.43482
4.29144
3.67297
4.64895
4.16494
2.07205
3.47918
3.52997
3.94195
3.76499
3.88775
4.08833
2.64406
4.1693
3.54935
3.9931
3.69325
3.55087
3.90009
3.6202
3.68843
2.81375
3.71765
4.038
2.39699
2.94174
3.14718
3.70045
3.2836
2.66823
3.73211
3.59342
2.65239
2.86887
2.76029
3.34385
2.4015
3.72726
2.91519
2.11152
2.61425
3.75056
2.83733
2.44652
3.17484
4.12748
4.05253
4.52336
3.48123
3.64798
4.28002
3.77937
3.13313
4.31974
4.03909
3.4242
3.10548
3.99337
3.72624
3.58636
3.3172
3.1439
2.93893
3.79608
4.10661
3.51221
4.46399
3.43831
4.28779
3.57607
3.90176
3.42306
3.9678
3.40841
4.12835
2.47854
3.79166
3.25667
4.14036
3.79301
3.97569
2.52188
2.67547
3.86814
4.4611
3.4795
3.86733
4.37672
3.41014
3.37901
4.07472
3.02989
3.8153
4.01586
2.98676
3.07696
4.59593
4.79659
5.12545
4.80028
4.68629
4.83562
4.3905
4.2601
4.07229
4.13027
4.87579
4.24534
3.97952
3.7879
4.40355
2.55042
3.81327
4.34511
3.95701
3.79599
3.71515
3.45434
2.66279
3.13109
3.50167
3.52266
3.9659
2.85905
3.35913
2.97197
3.30121
2.55624
2.67581
3.35721
1.67089
1.59901
2.29634
1.91676
1.01113
1.2934
4.34934
4.36304
4.38517
4.07804
3.21601
4.04426
4.49375
3.93656
3.76003
3.60854
4.66352
4.38537
3.84414
3.794
4.31129
2.99069
4.11092
3.86664
3.54962
3.89224
2.97789
3.43482
3.85144
4.03923
4.71635
4.4024
3.49628
3.91247
3.28873
3.01298
3.71125
4.24881
4.18989
3.40687
4.30297
3.34321
4.13995
3.76094
3.42614
3.88679
4.97705
4.39015
4.2216
3.87864
3.61952
4.18328
2.85957
4.15894
3.44396
4.01091
4.75915
3.73485
4.09007
4.35004
3.65649
3.57655
4.22725
4.2792
2.60632
3.87764
3.47123
3.84338
3.37358
3.56867
2.70032
2.94729
3.37159
2.60609
2.01635
3.48563
3.77701
3.42482
3.88498
4.41106
3.83438
4.03277
4.43336
3.70307
3.91544
4.0793
3.98681
3.79765
4.40988
3.39773
4.14113
4.66091
4.53988
4.57916
3.96801
4.35893
3.59389
3.99355
3.73335
3.85139
3.00705
3.95699
3.25209
3.88243
3.40952
4.12885
2.94635
3.99602
3.31771
3.60276
3.2477
3.96926
3.32462
3.20412
2.84921
2.73829
3.76272
3.51689
4.66026
3.34888
4.09548
3.67076
4.22549
4.35514
3.13935
4.0551
2.51785
2.52373
1.97606
2.82471
2.66001
2.24134
3.46543
2.39165
1.75587
2.28404
2.25092
4.01273
3.47376
2.25876
3.2678
2.56818
3.735
3.76577
3.97554
2.09585
4.57309
5.15343
4.37716
5.09834
3.40484
3.0277
4.60638
4.34197
4.53954
4.57077
3.92597
3.39299
4.07024
4.03926
4.08937
3.36961
3.8304
3.91046
3.6833
2.45376
4.11254
4.17264
4.72218
4.48969
4.88513
4.58823
4.65402
4.4047
4.18985
2.05175
3.57428
3.41258
3.41417
3.08083
3.11413
2.67423
3.29802
2.76037
3.53685
3.45163
4.099
5.14977
3.44922
4.68495
3.70595
3.53852
3.23851
4.91348
3.3496
3.95126
3.43858
3.45331
3.35188
3.61456
2.96181
3.024
2.89295
2.80326
2.90209
2.48624
3.11021
2.3838
3.07681
4.19517
2.69157
2.45615
1.88914
2.95294
4.03161
2.60206
3.929
3.11529
3.39414
3.35722
3.25492
3.5037
3.02074
3.56563
3.09649
3.53884
4.59457
4.63482
4.3561
4.33582
3.78748
4.3121
3.7881
3.65826
3.76127
4.5697
3.35856
3.20282
3.61568
2.7668
2.57574
2.71875
2.23012
3.9093
1.53715
3.23893
3.89042
3.82655
3.57866
3.15683
3.59385
2.74696
3.86023
3.04127
3.71494
2.53509
3.65212
3.39553
2.8561
3.53533
2.72465
3.36063
2.87404
2.45457
2.78679
2.78123
3.54887
3.95116
3.55106
3.37115
2.75207
3.95849
3.35126
3.08932
3.54772
2.60001
3.93475
3.97871
3.76821
4.65254
4.36299
4.30469
4.2833
3.35432
3.71121
3.694
3.97257
2.6629
4.14679
3.35281
3.92801
4.26695
2.85383
3.14904
2.63328
3.4135
3.66196
3.45172
3.98124
4.02441
3.73605
3.79063
3.67243
4.13057
3.36597
3.5975
4.01178
4.7368
3.80487
3.59349
4.2823
3.98279
3.64492
4.41908
3.73241
3.31414
4.38765
4.45357
4.8649
3.6082
3.06499
4.15214
3.33327
4.01846
4.07055
3.10091
4.56167
4.13307
3.93363
3.81887
4.41818
3.43844
3.98781
3.86611
3.38274
4.05096
3.04723
2.89514
2.93231
3.044
2.56914
2.34186
2.6369
2.7211
2.48599
2.85796
4.07945
3.74289
3.5446
3.53889
3.76596
3.36786
3.43195
3.47819
3.25129
3.56182
4.13687
3.1218
3.16609
4.37619
2.55486
3.81997
4.27969
3.64418
3.29436
2.51848
4.46468
4.20611
4.31665
4.63844
4.22275
4.27562
3.36225
4.8309
4.51065
4.71739
2.41929
4.12246
3.66789
2.5328
2.66295
3.60004
2.70569
2.51299
3.27008
2.75328
3.42346
4.5182
3.50243
3.6664
3.79602
3.06982
2.25536
2.24648
3.04047
3.36027
3.97651
3.70079
4.41793
4.81433
4.58082
3.8287
3.22078
3.59319
3.71756
3.98549
4.23175
3.79457
3.95281
4.84319
3.8767
4.30211
4.58673
3.97946
4.5838
4.03666
3.41983
3.83902
3.00285
3.83473
3.66121
2.74085
3.51408
3.95879
3.51425
2.91328
3.73959
4.06159
4.56485
3.12864
3.4088
4.30176
4.30414
4.32697
3.61781
2.73842
3.82883
3.14528
4.07796
3.30469
2.65159
3.69236
3.49635
1.96945
3.13441
3.18204
4.97901
2.53973
3.95155
3.36284
3.47989
3.57489
2.62418
4.24377
3.21221
2.9015
3.57595
3.90433
4.2438
4.00797
4.09023
3.38905
2.79076
2.90488
3.68287
3.27469
2.09603
3.25768
2.78914
3.33769
3.24434
1.75594
2.13167
2.22403
2.48559
2.35943
4.00409
4.69687
3.00511
4.2735
2.53315
4.05971
2.68188
2.7845
3.60324
4.18285
3.6157
2.96094
3.1443
3.01728
3.39854
3.60931
3.12085
2.53569
3.00821
2.88595
3.17111
2.7753
2.99907
3.48012
3.8491
2.88763
2.84726
4.2237
3.82343
3.9178
4.05073
2.59699
4.31464
4.1544
3.39153
3.98733
3.1843
2.6958
2.95346
3.35501
4.47765
3.08301
4.18029
4.52136
3.91412
3.7765
3.87482
1.92459
3.19089
3.7357
3.79487
3.88494
3.68447
4.1573
3.31479
2.92724
4.08619
3.41428
3.5652
3.45739
4.16477
4.1092
3.90296
3.98638
2.92928
3.62552
4.00933
3.80928
3.11355
2.52777
4.50526
3.25029
4.30109
3.46738
3.88352
3.30612
3.76071
2.19512
2.35705
3.29265
3.62423
4.27989
3.96554
3.52511
2.83167
3.50983
3.15079
3.7803
3.72099
3.02326
4.32037
4.57679
3.379
4.61771
3.98847
4.43983
3.52698
4.6708
3.74078
4.47391
3.98667
3.82914
3.82835
3.4564
3.78996
3.41393
3.84871
3.38833
3.35067
4.02956
4.59464
4.60386
2.75679
3.80254
4.06453
4.48259
2.75917
2.58114
2.75799
3.68724
4.26173
4.14175
3.41913
4.50949
4.43002
3.58728
4.19834
3.43114
4.4174
4.70378
2.87349
3.48306
4.0652
3.41067
3.68273
3.85693
3.08623
3.39831
3.47208
3.5823
3.29112
4.70028
4.12492
3.95996
3.46783
3.59906
3.753
4.11157
3.74148
3.17364
4.24282
4.74601
3.72456
3.48896
3.96114
3.53677
3.6454
4.33513
4.28712
2.98313
3.31923
3.71363
3.68989
3.56701
4.21144
3.5882
2.71495
3.39642
3.14905
2.74291
4.16423
3.96591
3.71046
4.38273
3.94933
4.0075
3.55108
3.54115
3.67939
3.41119
3.69386
4.05273
3.7505
3.8232
3.18753
3.99201
3.56922
3.67032
3.94548
3.59289
3.89891
4.44115
4.3588
4.33653
4.43194
4.31406
4.49267
4.59675
4.54109
3.96459
3.93807
4.02866
4.30232
3.50798
4.87533
4.28076
3.75262
3.82324
3.47723
2.70888
4.99157
4.27637
4.82993
4.31375
4.40085
3.68355
3.84011
3.69623
3.07654
2.60947
3.83931
4.13247
2.28397
2.24778
3.67617
3.21781
3.81522
3.55481
4.11583
4.30529
3.74611
3.96144
3.55685
3.25951
3.40656
3.30067
3.31421
3.17922
3.65113
3.79281
4.02511
3.84954
3.31251
2.63129
2.88685
2.76874
3.48014
3.4135
2.65415
3.26222
3.61122
3.52169
2.65341
3.7692
3.53829
3.676
3.62729
3.61163
3.40901
3.25818
3.71529
3.98439
4.12268
3.60482
3.60795
3.64646
2.72612
3.92796
4.05519
3.40177
4.51711
4.42378
4.54448
4.93076
4.94603
2.86729
4.14749
4.46747
4.3921
4.17453
3.60809
3.3095
3.00338
4.06322
3.49034
3.99613
2.5151
3.91365
3.50005
2.85474
4.58905
3.75218
4.25497
4.35907
3.8
3.88746
4.12913
4.51908
3.33853
3.93667
3.51664
4.14159
3.53016
3.99224
3.78792
3.29335
4.18636
3.21515
3.21563
1.98333
3.90886
3.8736
3.16083
3.3418
3.9334
2.70833
3.09356
4.3212
3.12039
2.53461
3.09834
3.13504
3.72328
3.89256
3.43931
3.38721
3.23066
3.68669
3.6499
2.81444
3.3953
2.96922
3.00089
3.60556
1.86729
2.94152
2.02732
1.97897
2.67041
2.57358
3.33576
3.80806
3.70509
4.17511
2.86252
4.12277
3.54096
3.40196
4.4439
3.19994
4.51311
3.4111
4.0402
3.03933
3.87394
2.92528
4.15775
4.3327
3.87815
3.54175
4.58639
3.99958
4.18933
4.05403
4.35263
3.24137
4.07579
4.22645
4.67662
1.95184
4.25299
4.19407
3.88829
4.40412
4.61234
3.82354
4.17067
3.54424
3.79971
2.9581
4.22587
5.13249
4.03832
3.7529
3.5374
3.41919
3.71318
4.39491
3.05481
2.85113
3.85567
2.95754
3.07459
3.9077
2.50427
2.99389
2.2013
3.95743
3.8317
1.92789
3.59117
4.00546
4.13792
3.58668
4.59594
3.94227
3.42274
2.72041
3.22672
3.09908
3.55126
3.60739
4.6129
4.09651
3.79915
2.64556
4.08198
4.04792
4.63884
2.28818
4.38612
3.51488
4.30703
3.85296
3.56767
3.30884
4.4469
3.59904
3.04079
3.5817
3.05139
2.84001
3.28389
3.78482
3.16662
3.3088
3.17684
2.83949
3.27131
2.74587
4.53144
4.68233
4.45807
3.98294
3.1892
3.11201
2.92468
3.30615
3.30151
2.83965
4.50967
4.11624
2.79598
4.13795
3.66604
4.08776
4.28818
4.68275
3.48451
3.94107
2.30456
3.44639
2.03372
3.00854
2.5212
3.03128
4.45448
3.61369
2.81943
4.04292
4.03953
4.01656
4.23284
3.86819
3.57479
3.36499
4.1255
4.39049
3.76
4.66636
4.61924
5.0192
3.68317
4.46644
4.28598
3.41447
4.44171
3.75821
4.0708
4.3095
3.40964
3.63466
3.55467
4.11207
4.21308
4.19609
4.02954
3.89719
3.98769
3.63056
3.80878
2.171
4.13038
3.26039
3.60592
3.97449
3.02907
3.36379
2.94259
2.72493
4.04534
3.5972
3.90809
4.28458
3.07041
3.68555
3.78103
3.86165
4.07741
3.85914
5.40677
3.1793
4.57206
4.33058
4.30099
3.35042
3.12517
4.03716
4.21777
4.35225
4.16561
3.29499
4.01456
3.01332
3.17469
3.42456
2.77222
2.59354
2.17333
3.03307
4.63139
4.90466
3.39864
4.86437
4.11005
4.54907
4.28929
4.96764
4.11211
4.12788
4.16737
3.71271
3.98392
3.87531
3.86496
3.9329
3.95762
4.18768
2.93117
3.26695
3.65314
3.92895
3.7418
4.04903
3.80783
3.67834
4.58025
3.547
3.69439
2.76951
4.53863
4.18273
4.70924
3.49891
3.42199
4.15839
4.19464
2.21126
3.73037
4.5873
3.38231
2.69227
3.22834
3.93891
3.28185
4.305
3.46427
3.9106
3.37929
2.87873
3.94415
4.03632
3.50925
2.82107
4.13444
3.37385
2.87571
3.48614
3.6305
2.91184
2.93286
2.47626
2.82881
3.76597
2.41761
2.64084
3.06012
2.90713
2.94083
2.90549
3.8921
4.12987
3.58956
3.25325
2.98236
3.31898
3.59144
2.88517
2.48027
3.11168
3.6811
3.02589
3.77584
3.7122
3.51067
3.40213
4.03185
1.63158
2.18801
2.90738
4.29767
4.72391
4.48594
4.50976
4.25008
4.31534
4.42687
3.35737
4.57375
3.82144
4.12787
4.71028
4.61516
4.51426
4.59437
3.32303
3.67995
3.18962
4.01688
4.37359
4.33544
3.8648
2.89833
3.27478
3.09479
2.90714
3.61819
2.48819
2.81842
3.00274
5.04826
5.07269
4.64212
4.77253
4.82994
4.73379
2.45281
3.55365
2.41298
2.53351
3.84414
3.15777
3.79304
3.59019
3.495
3.51244
3.51534
3.4082
4.11884
3.6361
3.33039
3.4847
4.11093
4.76275
3.30852
3.81409
3.51349
4.01061
3.68598
3.96181
4.25049
4.52154
4.62961
4.63304
4.12145
3.63301
3.28026
3.28912
3.90522
2.52918
3.29703
3.57924
2.9785
3.38144
4.02265
2.0427
3.85306
3.82287
3.35019
2.99155
3.8636
3.5711
3.76272
2.61268
3.57351
3.18233
3.73639
3.36264
2.75062
2.94853
3.74275
3.80789
4.10782
3.70332
4.26169
3.85907
3.30186
4.27849
3.41129
4.12937
3.61033
4.01902
3.81488
3.32754
3.74061
3.21355
3.76295
2.70428
3.74751
3.35005
4.45546
4.03263
3.9918
3.53059
3.78478
3.00328
3.69846
4.10025
3.29641
3.87769
3.97435
3.62368
2.89496
3.62266
3.7184
3.18023
3.55633
2.6321
3.18361
2.99881
4.29402
3.96787
4.00747
2.89829
4.29113
2.56885
3.64545
3.24155
4.30269
3.78847
3.45991
3.16358
3.17994
2.90103
3.47849
2.84118
3.47127
3.43967
2.75848
4.19077
4.6421
3.96182
4.70702
3.84256
2.85448
3.98164
3.78529
4.06791
4.61566
2.43852
2.96988
3.77221
3.26951
3.5215
3.64558
2.31039
3.84369
3.84737
3.39772
2.66267
3.73363
3.49009
4.22614
3.99638
4.81183
4.37787
4.23093
4.70438
4.63212
4.37856
3.49667
4.89459
3.862
3.37319
4.01816
3.38001
3.52223
3.57554
2.98967
3.51728
2.80816
2.573
3.90576
3.61018
3.35638
2.78239
2.97185
3.6951
3.54251
3.7849
4.15249
4.4427
3.98921
4.0909
3.71099
3.55568
4.79759
3.3746
3.50261
3.74776
4.7445
3.63448
4.588
4.12658
3.1618
3.65119
3.96837
3.65752
2.27754
2.78775
4.35346
4.20145
4.59838
4.20538
4.06326
3.97596
5.03946
4.20266
3.52815
3.14176
3.81263
3.07428
4.41335
3.59535
3.67388
3.60325
2.90954
3.92291
3.41894
3.43474
3.99348
3.83101
4.24356
3.73099
3.78246
3.5009
3.52124
3.90712
2.9881
3.07238
3.38967
3.35527
4.09334
4.39643
4.2343
3.5797
4.24743
2.33275
4.38149
3.94052
4.63004
4.48753
4.8558
4.24051
4.27716
4.07225
4.42053
3.20499
4.22232
4.20423
3.92499
3.69721
4.15043
3.6602
3.57713
3.81063
2.51649
2.98308
2.72573
3.22681
3.98777
3.22551
3.86382
3.62706
4.8603
3.84558
3.4067
4.03138
2.95763
3.01399
3.5911
3.86787
4.87016
4.94196
3.18935
4.12065
3.00155
3.91472
2.67285
3.14963
2.95493
3.60543
2.30786
3.54117
3.64038
3.16277
3.34865
2.90851
3.23284
3.09499
3.9603
3.60621
4.75539
4.18083
3.93344
2.49169
3.23724
1.52955
3.2484
3.88469
4.11288
4.50621
4.12247
4.21687
4.14697
3.1786
4.22881
3.67696
3.64716
3.50003
3.3168
2.98772
2.50432
2.73709
3.21579
3.48236
3.20171
3.30212
2.11421
2.03546
2.27769
3.42348
3.33636
3.61371
3.47492
2.56537
3.22521
2.84877
3.13297
3.28593
3.11651
2.85615
3.32129
2.8411
2.70884
3.42662
3.07881
3.12497
3.02103
2.93206
3.833
3.4414
3.83516
4.05134
4.77267
4.1476
3.50459
3.84599
4.6197
3.10545
3.55899
3.82358
4.05103
3.38645
3.57394
4.13291
3.97216
3.16567
3.42395
3.63623
3.05132
3.69823
4.50201
3.35968
3.80143
3.79347
2.85749
2.55596
3.66155
2.75567
2.62297
1.92261
1.44734
2.01571
1.82016
1.69177
1.54202
2.20759
0.860323
0.123453
3.95591
3.72472
3.15063
4.17661
4.12877
3.82825
3.36123
3.33636
2.82979
3.17606
4.55203
3.73093
4.05106
3.7685
2.94229
2.62536
3.2263
3.69046
3.75559
2.7603
3.79566
3.53433
3.66399
3.42305
4.32368
3.43121
3.82802
2.7395
2.59442
3.08745
4.00697
3.92795
3.32354
3.50255
4.06224
3.67124
3.82793
2.57497
3.5658
2.82334
2.96175
2.90861
3.41034
2.81391
4.10328
3.19026
3.10265
2.74652
2.84589
2.37045
3.93138
4.34222
3.74167
3.79366
3.63761
3.11216
3.48455
4.30399
3.11643
2.61035
3.56664
4.15626
3.68093
3.9621
3.52811
3.98746
3.70719
4.53238
4.18279
3.73347
3.73837
4.35772
3.33304
3.16311
2.19637
2.60182
3.92789
3.20635
3.89076
3.52575
4.67134
4.17414
3.2959
2.79602
4.96909
3.40289
3.7564
3.81383
4.31095
2.72161
4.14752
3.86458
4.25144
4.13041
2.50767
3.83413
4.64298
4.44494
3.72531
4.6438
4.74487
4.14204
3.38947
5.11146
3.66147
3.93531
3.46066
4.03444
3.48008
3.19498
2.99649
3.92654
1.90836
3.12372
3.51474
2.28566
3.07858
2.91142
3.08587
2.15789
3.00162
3.32681
2.90137
3.00955
2.96038
3.65344
3.07621
2.5916
2.51469
1.64884
4.24819
4.10667
4.13819
3.63984
3.77174
3.88195
4.06087
3.78613
4.06731
3.88287
3.91522
4.00537
4.38023
4.10541
3.65582
2.71674
3.95519
3.41459
3.31309
4.07354
4.12281
3.16194
3.57724
3.70969
3.57673
3.22324
3.53942
3.54995
3.87729
3.77953
3.24631
3.3008
3.53476
3.65072
2.99208
3.1691
4.05719
4.11018
3.74718
3.84475
3.73406
3.60712
3.70996
4.22973
4.28812
3.22232
4.1466
2.32389
3.63497
3.54508
3.27846
3.35904
3.39985
2.77167
3.79328
2.46514
2.81074
3.06191
3.23423
2.31053
3.10452
3.60021
3.60694
3.64448
2.50897
3.33167
3.60539
0.82128
1.91996
2.39641
3.59473
3.66088
3.97448
3.95186
3.59415
4.06305
3.69876
3.34971
3.8501
3.02935
2.55555
5.08541
4.87525
4.14602
4.23317
3.91117
3.5861
4.12377
3.4885
4.247
3.71316
4.10546
5.24073
4.90369
4.20766
3.63743
3.56793
3.87824
4.16194
3.00097
4.03672
4.47784
3.17479
3.67214
3.40814
4.12495
3.42779
3.62475
2.95604
2.58451
3.3231
3.47454
3.60386
3.45754
3.34328
3.32627
3.76572
2.72245
3.95127
3.1284
2.89607
3.88006
3.34655
3.16541
2.96388
3.25987
3.4403
3.13369
3.38975
2.40769
4.36935
3.77804
3.81417
4.23129
3.70337
3.73338
3.45575
3.26409
3.32221
4.10011
4.29497
4.41242
4.09479
3.90102
4.03577
2.23376
4.30562
1.65266
3.11745
2.25762
4.28225
4.17422
4.10924
3.70586
2.8907
2.80044
3.46825
3.38693
3.8255
3.44311
3.45328
2.6549
3.15132
3.85582
3.31819
3.38992
3.85693
2.45164
3.45322
2.22715
3.80068
4.12484
4.15233
3.85186
4.54638
3.88389
3.43387
3.91712
3.48828
3.90656
4.14547
3.99847
3.72925
3.92986
4.10866
3.87015
3.48471
3.904
3.38297
3.09088
3.00167
4.56
4.43047
4.64822
4.51007
4.14765
3.47851
2.90114
3.56344
3.75906
3.80582
4.32058
3.93712
3.34944
4.39552
3.81757
3.59628
3.55709
3.2443
4.21646
4.2674
2.99588
4.49182
5.08259
3.73656
3.86224
3.7022
3.4877
4.40584
3.90559
4.08748
3.13236
3.74596
3.20424
3.85009
3.12385
3.41691
3.35777
2.98697
3.70269
3.58386
3.31779
3.34654
2.82629
4.17963
4.2257
2.64704
3.30676
2.44224
2.52791
3.28111
3.41697
2.86491
2.37744
3.10003
2.70487
1.84857
2.18813
3.12011
2.56675
4.41475
4.2458
3.56898
4.41773
2.41258
3.31179
3.208
3.00143
2.95878
3.13217
1.87736
2.35798
2.22917
2.43705
2.07849
1.53243
2.09134
1.50354
2.11972
1.94822
3.23
2.71322
2.61847
3.02458
2.90825
2.83761
2.84876
2.59706
2.72266
2.97108
3.63729
3.27561
4.09137
3.18096
2.7855
3.29747
3.7307
3.26129
2.72789
2.06973
3.73735
3.74025
3.80638
3.5107
4.05529
3.81025
3.32082
3.27762
4.24751
2.6074
4.60698
3.8977
4.40112
2.99548
3.98287
3.11225
3.90214
3.83761
3.8754
4.2945
4.03472
4.32371
3.47432
3.83148
4.46078
3.96772
3.04224
3.70142
2.93101
4.1295
2.50818
2.50995
3.34138
2.13871
3.64656
3.89017
3.31549
2.32542
2.14212
2.33767
3.21069
3.78986
3.22512
3.99142
3.61308
3.55921
3.69483
3.75103
3.51873
3.08292
3.1251
4.24181
3.01169
3.9734
3.74809
2.98767
3.42326
2.96588
1.814
2.26609
3.128
3.0513
3.41867
2.67629
2.95595
2.87717
2.85709
2.88324
3.18918
3.01815
3.06749
3.67309
3.76729
3.56766
3.5
3.04325
3.04433
3.26751
2.73132
3.14905
3.92363
3.95937
3.38019
2.94402
2.52907
3.29335
2.79646
3.41185
3.39634
3.01435
4.69704
4.57084
2.42412
3.63022
4.49562
4.47557
3.81799
3.53851
3.84367
2.89369
3.35295
4.26191
4.17391
4.16008
3.30989
3.22039
3.8187
4.08433
3.84322
3.84061
3.34843
3.78746
3.70177
3.39913
3.49829
2.67692
3.27226
3.14139
2.67399
3.45728
3.66999
3.71183
3.62289
2.84762
3.72468
3.8686
2.49797
3.59911
3.08076
3.52431
4.20034
2.65818
2.85847
2.05362
3.99143
3.93266
4.05381
3.10746
2.55029
2.75151
3.35871
3.54765
4.30613
5.27859
3.0254
4.22946
2.62487
3.34495
3.55591
3.72102
2.11997
2.50017
2.23223
3.95958
2.47871
3.31066
2.14483
3.54994
2.77608
2.65122
4.37116
4.42345
3.48961
4.14511
3.83165
4.07954
2.62543
4.55516
2.95604
4.39572
3.75863
2.99327
3.96802
3.61678
3.27217
3.4798
3.09643
3.76791
2.92331
3.46688
3.54161
4.04537
3.97657
3.39189
3.82044
3.1469
3.11907
3.29325
3.02275
3.46999
4.03812
3.04071
3.66857
2.92957
3.23947
2.25945
3.88148
3.02546
3.2051
3.42274
3.44318
4.16747
4.24654
3.27731
3.99157
3.31894
3.64668
3.583
2.45556
3.34014
4.71117
4.13629
4.67295
4.54818
4.82599
4.41584
3.99284
4.48962
4.64395
4.21559
3.5507
3.752
2.85513
3.67365
3.11151
2.76475
2.56114
3.09357
3.03776
3.23417
3.57972
3.13138
3.76338
2.80893
3.49377
3.09009
3.24672
3.72411
3.07233
3.2741
4.62917
4.93282
4.14819
4.49213
4.41359
3.1471
4.07444
3.47651
3.42226
3.53197
3.75933
3.39511
3.40066
3.98784
3.80891
3.85837
3.28771
3.95557
3.73937
4.13537
4.10278
3.3401
4.15109
3.1766
4.53035
3.8787
4.2637
3.74122
4.08411
3.00636
3.00903
3.36465
2.50954
3.03966
3.75831
3.43742
3.53162
2.82171
2.9215
3.04372
3.07588
3.9797
3.43614
3.80393
2.92196
2.76654
3.26065
3.52716
1.9031
2.87966
5.10345
4.51491
2.77177
4.68029
4.53105
4.02821
5.08213
4.35581
3.9824
4.24819
4.20206
2.43611
3.80797
3.43738
3.79094
3.23011
4.47929
3.90405
3.48072
2.71495
3.84868
4.14098
4.16009
4.41773
4.05246
3.41084
2.49846
3.76001
2.11228
1.75525
3.63567
3.68951
3.70942
3.58228
3.82756
3.38958
3.18059
3.07146
4.2275
3.9621
3.39087
3.73013
4.1289
4.4962
4.65584
3.94942
3.70321
4.07715
3.3595
2.17875
3.51799
3.53006
2.77823
3.16483
3.54021
2.93716
2.94735
2.59924
2.46588
2.39182
3.1752
3.55895
3.06528
2.32283
2.58143
2.35978
3.75277
2.95974
2.8856
3.0543
3.6009
3.68764
4.55001
3.85881
4.38813
2.77205
4.21094
3.82363
3.07165
3.82925
2.36144
2.57345
2.34449
2.31418
3.16992
3.46021
2.94313
2.21737
3.08031
2.49801
3.35445
2.75707
3.75851
2.98279
2.5864
2.74863
2.42077
2.54101
2.37979
2.73237
4.00124
3.58602
3.32757
3.47438
3.87923
4.04158
3.29101
3.68504
3.52971
2.88145
2.74926
3.13052
2.73509
3.27873
3.09045
3.4973
3.53026
3.42047
3.60952
3.08097
4.4047
3.16901
4.01561
3.84327
3.31423
3.91892
2.15179
3.42338
3.24326
4.99454
2.7799
3.00799
1.96725
2.55248
2.112
2.75653
2.07528
2.17647
1.75419
2.29708
3.67893
4.05068
3.95352
3.3809
4.07482
3.21433
3.35899
4.11107
3.76124
3.26305
3.33196
3.19085
3.49729
4.05902
3.6208
3.83876
3.96587
3.28866
3.80363
3.22925
3.52261
4.06442
4.20204
3.88648
4.05898
2.88566
3.27842
3.67505
3.68074
3.81503
3.98008
4.62967
4.84739
3.50395
3.87366
3.84027
4.33661
4.01563
4.08575
4.03865
4.07196
4.84656
3.0684
4.18982
3.35823
4.88484
3.23796
4.4819
3.95549
3.68863
3.77067
2.63921
3.07266
1.88811
4.27772
3.7332
3.51964
3.39677
3.12516
2.68698
3.55794
3.14276
3.26446
3.45915
2.69756
3.03804
2.47994
3.29951
2.9327
2.17283
2.22069
3.777
3.17938
3.57585
3.42051
3.57625
3.42516
3.92847
3.72261
3.31755
3.86301
3.72535
3.63996
3.03024
3.35316
3.91945
3.9652
3.611
3.93971
3.15735
3.06114
2.84894
3.09245
2.4023
2.8282
2.44026
3.3185
3.37486
3.32851
2.25588
3.6706
4.62722
3.95242
3.81994
4.28225
4.10683
3.57666
3.72536
3.47946
2.31623
3.15422
3.21567
3.85703
2.85518
2.96112
2.30371
2.29474
3.03792
2.48119
2.34703
4.0666
4.92699
3.8183
3.63334
4.05435
4.01161
4.27068
4.58668
4.14008
3.45235
3.71513
3.25649
3.64699
3.74168
3.21393
3.17352
3.22668
2.96845
3.23784
2.97884
3.2118
3.36803
2.90711
3.29743
3.0032
3.66121
3.45672
3.06629
3.27307
3.05209
3.30019
3.28826
3.81077
2.84117
3.25836
3.58722
4.18497
3.70375
2.27352
3.2452
5.34375
4.69706
4.44688
4.64791
3.78157
4.108
3.66694
3.70227
4.01295
3.18481
3.37708
3.20639
3.57337
3.9156
3.5916
3.30137
4.18404
4.00624
3.00264
3.74419
3.68082
2.46725
2.76565
2.55377
2.69076
2.40394
1.55487
1.25504
2.82412
2.36544
2.21981
3.09485
3.00932
3.03518
2.33262
2.88014
2.3087
2.94121
2.07478
2.51152
3.94684
4.51033
3.57357
3.63168
5.2396
3.99764
4.7468
3.74064
2.85585
3.84198
4.5461
4.4519
4.60779
4.24631
4.96093
4.62309
4.4402
4.81249
5.14793
4.17837
4.64313
4.46386
4.37621
4.64687
4.51514
3.83515
4.94609
4.11566
4.27746
3.62403
3.97068
3.42947
4.22115
3.65005
3.98327
4.05602
3.53849
3.48425
4.2373
3.8909
2.39979
3.5687
2.51139
3.68339
3.38777
3.01135
2.72367
2.50577
2.38131
2.33653
3.99713
4.45885
3.61099
4.37311
4.23086
2.99365
3.57025
3.90978
3.76146
3.81207
3.1869
3.65339
3.89367
3.56944
3.08036
3.24217
2.21165
2.77148
2.50597
3.01425
3.73393
4.04042
4.03839
3.74166
4.39272
3.03638
3.40904
3.24577
3.64948
3.2922
2.82174
3.40769
2.50091
3.38943
3.71507
2.22354
5.69883
3.44552
5.00453
1.33158
3.59432
3.82208
3.79231
3.82647
3.71283
3.76829
3.94464
2.19571
2.7568
3.20538
3.16183
2.88692
3.07955
3.45477
3.40541
3.6675
3.58007
3.18414
3.32676
2.93695
4.54248
4.37566
4.56342
3.68291
4.29155
4.60978
4.33786
4.88642
4.2175
4.31698
5.0881
5.0381
4.42066
3.89731
4.34133
4.75905
4.20113
4.18442
4.6974
4.14536
3.83824
3.15879
3.79888
3.49237
3.97321
3.34534
3.94445
3.78753
3.4327
3.78022
3.71359
2.91738
3.01292
3.55915
2.86281
3.21854
2.95092
2.82141
2.21547
2.16432
3.52595
2.59659
4.23337
2.97645
3.57404
3.19
3.9695
3.66605
3.0871
2.84437
3.781
4.43612
4.70574
3.76987
3.73663
3.49955
4.17537
4.07715
3.73927
4.11826
3.53809
3.85097
3.72166
3.56983
2.53328
3.84872
4.03179
3.6994
3.11698
3.62449
4.30549
3.59429
3.54829
3.19499
2.99967
3.75676
3.80594
3.56212
2.78212
2.89434
4.12493
3.46325
3.20154
3.31228
3.49922
3.42655
3.97467
3.48333
3.82301
2.49291
3.09477
3.66255
3.63191
2.81123
3.41572
3.41496
2.16717
1.64002
3.44282
3.62385
4.33655
4.17911
4.95109
4.83254
4.91871
4.61062
3.06953
4.04829
4.97474
4.60319
4.15915
1.834
3.53721
2.71095
3.597
2.97875
3.92256
2.84909
3.15383
1.53344
4.40717
4.81134
4.19782
4.48173
4.32826
4.18549
3.98849
4.05604
3.36481
3.68873
3.948
4.08769
3.77094
3.84491
3.87609
4.3431
4.09366
3.61516
3.64834
3.30759
3.4355
3.6807
4.39565
4.87871
4.30608
3.96524
4.43009
3.8384
2.79123
3.57341
2.87068
3.18099
3.02864
3.14359
3.4051
3.24013
2.53303
2.89692
1.59805
3.0271
3.24097
4.01708
3.65213
3.57853
3.64288
3.41446
2.91695
4.04913
3.28422
3.95473
3.80817
4.31914
3.76382
3.91749
3.87841
4.20752
3.65658
3.57869
4.57507
4.06083
4.1541
4.12554
4.57494
4.43267
3.60756
3.37858
3.96085
3.00713
3.88305
3.67492
4.30437
4.27403
3.50957
3.93722
4.29934
4.04663
3.85928
3.74729
2.92141
3.33826
3.68083
3.00499
3.08307
3.29131
4.04946
3.03399
2.75371
3.3705
3.61205
3.11202
3.84617
3.89775
3.55372
3.70852
3.75673
4.02042
3.70109
4.02528
3.89019
2.40696
3.43936
3.39227
2.65924
2.43517
2.0807
2.72116
2.70237
2.74311
2.95415
2.3037
3.32291
3.64815
3.36801
3.7179
4.15736
3.90016
3.72367
3.55965
2.91739
3.6844
3.80235
4.35982
3.73572
3.80285
3.82403
3.54387
3.30946
4.06653
3.05645
3.92275
3.97354
3.31771
4.01326
2.89344
4.27694
3.06974
2.98932
3.23445
4.05736
3.36197
3.79911
3.57561
3.01387
3.84692
3.38756
3.4976
3.64177
3.30513
2.87452
3.12589
4.69847
4.28196
3.00919
3.05102
3.40716
3.30382
4.41919
2.74663
3.33029
2.76199
2.82607
4.14415
3.08816
4.32435
3.40427
3.81399
3.79196
3.38246
2.88572
3.74745
3.22165
3.77218
3.67619
3.80827
3.11397
3.34581
4.22025
3.80048
2.85189
3.3507
2.78307
3.24702
3.14288
2.90528
2.77077
2.93848
2.98449
2.68504
2.60056
3.1495
4.04771
4.25663
4.40308
4.16974
4.19988
4.21921
4.01054
4.31696
4.03333
3.91333
3.79519
4.2207
4.08015
3.93263
4.13271
3.22663
3.37628
2.89132
3.27285
3.06437
3.99954
4.34528
4.33135
4.01195
3.41677
4.28247
4.43449
4.1387
3.12584
2.68299
4.59037
4.35287
4.41683
4.55054
2.7588
3.4947
4.62647
4.31867
4.38806
4.09077
4.17324
4.72087
4.2586
2.2876
3.78589
3.98801
3.02594
2.95
2.85402
3.73786
4.03949
3.82069
3.72041
3.82468
4.09684
3.71876
3.82567
3.88561
3.7786
3.60945
2.94342
3.39915
3.26773
3.62594
3.14548
3.82055
3.48531
3.23678
3.64585
3.1873
3.77785
3.06087
2.65191
3.14948
3.73813
2.73599
2.91475
2.17743
2.87742
3.01315
3.28341
3.88143
2.79939
2.57744
3.19016
2.6098
2.68321
2.29004
3.15025
3.34308
3.46972
3.89247
3.99002
3.40556
3.31823
3.45587
3.93055
3.32479
2.78164
2.67746
4.9124
4.45793
3.56982
4.12253
2.43998
3.86816
2.67439
2.40832
3.87119
3.31083
3.64824
3.65495
2.96591
3.38356
3.24961
3.09451
3.25455
3.57596
2.94625
2.73668
4.31926
4.30469
4.04578
4.41694
4.49763
3.65037
3.65615
4.32332
4.0368
3.86881
3.74762
3.55752
3.33748
3.81251
3.92489
1.89896
3.56499
4.33409
4.38604
2.71323
3.72765
2.25209
3.75227
3.88673
3.65338
4.15841
3.13905
4.20938
4.16075
3.21862
3.37174
3.52709
3.18153
3.2031
3.17026
3.50547
3.3333
3.55494
3.13922
2.84155
4.06274
2.75324
3.75184
4.46079
3.60774
3.88212
3.8412
3.5141
3.93678
3.55724
1.90663
2.51828
2.81454
2.70693
3.24648
2.92758
3.19842
2.91272
2.54839
2.60834
2.7309
3.53697
3.30932
3.27935
3.20941
3.18269
3.2811
3.1848
3.48166
2.89578
3.38168
1.92408
3.80742
2.96475
2.98841
2.32824
2.13682
2.91964
3.85972
3.06441
3.43956
4.12577
3.63756
3.67083
3.69846
3.59844
4.04579
3.91908
3.94444
3.90728
2.77411
3.95227
4.46109
3.57475
3.90679
4.13089
3.17421
3.26038
3.55401
3.20643
3.7784
3.64219
3.49339
3.31534
3.17744
2.23121
3.47044
3.7103
3.02474
2.95888
3.43638
3.41501
3.41156
4.01186
3.57478
2.34906
3.21795
3.07995
3.68132
3.10356
4.0769
4.02664
3.36539
3.91022
3.4676
3.25118
3.70212
3.73836
4.04855
2.78702
2.76823
3.0622
3.16302
2.92559
2.54453
2.43605
3.28435
2.88153
2.53714
2.44108
3.71011
3.81214
3.64913
3.97005
3.63706
3.32806
3.12429
3.63652
3.25962
2.77815
4.12343
3.37808
3.1704
3.25239
3.2278
3.54497
3.4035
2.95326
3.11341
3.23925
4.19868
4.36248
4.51447
3.92346
3.92054
4.13701
3.67279
4.25606
4.18353
4.1722
4.0795
4.27889
3.45134
4.0133
3.5793
3.78298
2.99885
3.91195
2.03819
2.09797
4.86544
4.60435
4.59482
4.67007
4.60001
3.58894
4.09992
4.44819
4.47046
4.65478
2.75286
4.02262
3.55658
4.41757
3.96496
4.3879
3.27067
4.04056
4.44751
3.28056
4.27776
3.67857
3.99796
3.47179
4.02567
3.79665
3.65633
2.81437
4.22593
4.38121
3.2024
3.32938
3.41265
3.39709
3.25335
3.21485
3.28959
3.588
3.15848
3.03863
2.13512
2.9585
3.63951
3.11395
2.46882
2.91048
2.83357
2.80924
2.74933
2.58427
3.89046
4.20687
3.5679
3.9621
4.0914
3.30522
3.787
3.72814
3.19274
3.165
3.16396
2.9227
3.50415
3.09223
4.78343
3.03777
2.47927
3.10556
3.40534
2.71951
4.14863
3.03494
3.24864
3.97575
2.82728
3.75841
4.3371
2.92684
2.53579
3.06157
4.20111
4.15657
3.34646
3.97684
2.52786
3.67967
3.54093
3.23852
3.03397
3.78101
3.72158
4.89148
4.58287
4.33155
4.21876
4.39983
2.29347
3.49533
4.30835
3.73903
3.49511
4.19526
4.02108
4.03924
3.7543
3.70422
3.89672
3.9824
3.97968
3.06452
3.64269
3.97359
3.68269
3.74452
3.49965
3.62565
3.54961
3.00248
3.34644
2.06467
3.01274
3.11158
3.30274
2.60471
2.73464
2.86881
3.70254
2.09958
3.60784
3.50868
2.99264
3.37098
4.32399
3.91215
3.42765
3.30042
4.64106
3.09153
2.931
2.75385
3.80495
3.94086
3.68311
3.84002
3.77942
3.63858
2.63014
4.04305
2.4256
3.28447
3.42001
3.49105
3.36068
4.10456
2.78994
2.8693
2.89704
3.36552
3.63846
3.40178
2.83308
4.69567
4.21222
3.44731
3.70346
3.75322
3.80327
3.21463
3.17623
4.27617
3.22622
3.9381
4.97102
3.24567
3.26798
2.82446
3.42116
3.14561
2.26562
2.53177
3.67121
3.6987
3.59833
3.23579
3.20464
2.76902
1.41643
2.69075
1.60966
3.88548
4.6581
3.72006
4.09419
3.73936
4.49972
3.51163
2.9582
3.62398
2.76763
2.56357
3.47804
3.32178
3.99411
3.71417
4.39099
4.27226
4.56424
4.34185
3.71295
2.40366
3.18237
3.35922
3.72086
3.85204
3.71118
3.60243
3.38005
2.50735
2.62359
2.93618
3.69316
4.88183
3.84823
4.36861
4.4152
3.17227
4.17726
4.14116
3.89299
3.98808
4.13756
4.44878
3.55814
3.75492
4.11084
4.114
3.71212
3.26783
3.33605
3.16351
4.10179
3.85461
3.23276
2.59425
4.24635
3.57992
3.83527
3.88911
3.87174
3.68164
4.08908
3.67136
3.37884
3.23591
3.70828
3.75024
3.75809
3.3671
3.4083
3.67139
2.96547
3.26739
2.65798
2.33591
2.97631
0.954909
2.70806
1.83385
1.2739
1.73958
3.4209
4.02092
3.9054
3.39568
4.44033
3.9652
3.84308
3.52462
2.89029
4.17419
4.06684
3.83686
3.28304
3.84164
3.85138
3.46244
4.30062
3.38854
3.59444
4.12084
3.13193
3.72978
3.21878
3.48024
3.10117
3.64671
2.84145
3.42229
3.09894
3.02616
4.39253
4.47808
5.13622
3.98717
5.04562
4.48038
4.34858
4.15465
3.75017
4.09204
3.14563
3.28447
3.75274
3.99423
3.56313
3.21914
3.214
3.35443
3.10843
3.25727
4.03398
4.41741
1.98138
3.33678
4.3046
4.41564
4.06361
3.46756
3.94978
2.97865
3.95196
4.13713
3.22821
3.65321
3.98406
3.03901
2.73872
3.1039
3.95409
3.63491
2.66379
2.33419
2.99453
2.77146
0.917163
2.47693
1.39233
2.94212
2.54394
1.61417
2.71236
3.71253
2.63053
3.55966
3.42528
3.38107
3.51339
3.66784
2.83255
2.89255
3.03402
3.52558
3.83976
3.85027
3.78295
3.28776
3.83259
3.30949
3.48569
3.30259
4.24336
3.71626
3.39749
3.82587
2.10635
3.98527
3.24267
3.85315
3.71915
3.08633
3.67609
4.19772
3.78935
1.94256
3.49363
3.3235
2.61882
3.10245
3.22977
3.46106
2.95746
2.54057
3.20011
4.03728
3.69907
2.90201
2.24761
2.62769
3.08743
3.11118
4.28818
3.88455
3.88037
3.82005
4.24548
3.6806
3.18296
2.85049
3.8804
3.32096
4.30802
3.69196
3.21546
4.47601
2.93653
3.84952
3.50434
3.528
2.97997
3.1307
3.61145
3.29138
3.58049
3.93048
3.38032
3.40582
3.15011
2.9851
2.63167
2.65781
0.587914
3.16381
2.9475
2.47072
2.07939
3.13304
2.10516
2.21793
1.86621
0.879553
3.02479
3.28534
3.97132
3.51188
2.82071
3.14517
3.34408
3.12752
2.98235
3.75301
4.68423
4.86098
5.1793
4.5001
4.30711
3.98602
4.5068
4.42251
3.77901
3.6398
4.2457
4.22925
3.85706
4.57491
4.54235
4.25794
3.57546
3.57449
4.50358
3.51672
3.85787
3.23862
3.01531
3.20309
3.15798
2.82547
3.18864
2.56907
2.94572
2.53794
4.07416
3.48835
2.88182
2.97952
3.37071
4.07942
3.16934
2.45773
3.52413
2.1647
3.06075
4.12178
3.50605
3.78431
3.57447
3.2072
3.91079
3.15354
3.88942
2.97569
3.81612
3.99751
3.57729
3.56341
3.41785
3.3925
2.84729
3.57042
3.18932
2.44048
3.70622
3.78275
3.31396
3.94821
3.39655
3.35025
2.87201
3.0589
2.59629
3.00318
3.3219
3.49261
3.77267
2.6922
3.43123
3.2316
2.89282
2.73704
2.91313
3.11553
4.83591
3.78022
4.57015
4.83163
4.71784
4.54899
5.30577
4.10106
3.65187
4.12239
2.77646
2.81671
2.85528
2.71323
1.84919
2.40593
2.90347
2.21134
1.50346
1.15138
4.27442
3.74624
3.42297
4.22857
4.15483
3.57575
3.60519
3.03845
2.91417
2.78092
3.02584
2.74466
3.507
3.69613
3.28257
3.246
3.30871
3.59109
3.54496
3.39424
4.39384
3.32962
3.40679
5.10398
4.5378
4.0874
4.17474
4.128
3.32025
4.46457
4.63842
4.10343
4.42532
4.41812
4.02252
4.0907
4.27245
4.43616
4.49114
4.0427
3.95911
3.41044
3.97965
4.45879
3.45701
4.3395
3.92396
3.29024
4.05654
3.78838
4.32327
3.47536
3.81301
3.85999
2.70141
3.41032
2.58651
3.77087
3.8583
3.93958
4.46779
3.94473
4.32198
3.46144
4.1239
3.7336
4.38917
3.55308
4.04357
3.45835
3.33334
4.43093
4.62921
4.46288
4.64568
4.19205
3.18713
4.19748
2.57945
3.43689
3.52159
3.42713
3.23758
2.84834
3.23833
3.34217
2.52382
2.44652
2.91721
3.12965
4.0205
3.98734
3.54894
3.81823
3.81354
3.00996
4.07552
3.9231
3.3874
3.46236
4.29207
2.42619
3.09015
3.0572
3.08597
3.39294
2.81425
2.59167
3.0005
3.00352
4.2432
4.22699
3.65868
2.46107
4.48771
3.78146
3.04322
3.51293
3.01894
2.82972
4.02199
3.51234
2.49803
3.3289
3.3228
2.43817
2.89202
3.20283
2.67535
2.69311
3.57536
3.89006
3.88865
4.13471
3.38372
3.36833
2.64591
3.75209
3.32666
1.82456
2.74535
2.54664
3.36285
3.33772
2.83277
3.07446
2.69744
2.08839
3.17166
3.13741
3.45124
2.88933
3.0699
3.00768
3.18048
2.4797
2.26675
2.77873
2.33424
2.58561
3.2938
4.05136
3.97324
3.42986
3.7596
4.45609
3.99463
2.87513
2.8455
3.38052
2.61287
2.46007
2.86921
3.37448
2.64842
3.23117
2.55388
3.32036
3.13488
2.39353
1.80313
2.66517
3.0567
3.06431
2.8181
3.21296
2.73101
1.6852
2.67048
2.32673
3.3065
3.08907
3.41472
3.09985
3.21278
3.2139
3.10069
2.87924
2.85065
2.85693
3.80909
3.78509
3.87479
4.29494
3.51362
3.49332
3.80724
3.67414
3.34226
3.11024
3.37287
3.90738
3.58772
4.20297
3.86192
2.76992
3.73219
3.576
3.97882
3.81787
2.64647
2.81078
2.05612
2.55787
1.93746
2.45999
2.4801
3.06853
2.46207
1.90817
3.77791
2.99431
3.58528
4.28901
4.37935
4.10205
4.54182
3.82548
4.36525
4.1285
3.63774
5.21577
3.66656
4.37191
3.80148
4.00057
3.42044
4.8046
4.32168
4.06135
3.61828
4.11252
3.81083
4.10233
2.92213
3.22522
3.66071
3.48062
3.36031
2.7834
3.01722
4.37731
2.49849
4.30285
4.2617
2.86503
3.7432
4.17221
4.13788
1.77556
3.49464
3.48882
3.37078
2.99115
3.4749
2.73533
3.61064
3.39298
3.20874
2.15301
4.14547
2.32459
3.68887
4.01958
3.86158
3.76943
4.05624
3.74889
2.21459
3.40262
4.0811
4.18519
3.67039
4.2957
3.31742
4.19649
4.6057
3.81401
4.18715
4.01671
2.80097
2.7159
3.61039
3.29531
3.13494
3.81393
3.21375
3.41085
3.58288
2.77229
3.8694
3.90398
2.98261
2.23739
3.173
3.62437
3.48714
3.46513
3.59125
2.86922
3.63654
4.24395
3.61458
3.15553
4.06595
3.91398
3.96317
3.2731
4.09442
3.9402
3.187
3.13963
4.23923
3.48921
3.31334
3.9876
2.92683
3.60556
3.55454
3.08516
4.03403
4.37279
2.42759
2.83378
2.48561
2.14261
2.86327
2.21802
2.63989
2.63731
4.29478
3.9668
3.28829
3.01724
3.82276
3.8458
3.4042
3.92642
3.53096
3.65165
3.21888
3.9792
4.06161
3.66017
3.70881
4.06233
3.62986
3.15571
3.47081
2.51294
3.42529
3.5872
3.47017
3.75713
3.73418
3.52603
2.9994
3.55297
2.74988
0.318775
4.58724
4.36992
2.75526
4.67089
3.35139
3.34583
4.29958
2.50124
3.81706
3.79027
4.07654
3.75193
3.75874
3.8381
3.79973
2.87001
4.60706
3.77562
3.89679
3.40322
3.53163
3.29247
3.19762
3.91762
3.26135
3.17681
3.64463
3.48627
3.08334
3.26692
4.54427
3.40748
4.70353
4.33755
4.17577
3.18713
3.74705
4.4005
3.16436
4.194
3.9548
3.43632
3.1846
3.88031
3.3396
3.70482
4.61638
3.43079
3.68568
1.94759
3.71336
1.48063
4.42479
2.21559
2.02179
3.19901
1.88021
3.32856
3.74487
4.28698
3.26926
3.15225
3.4929
3.68675
2.36434
2.45806
1.90015
2.24891
3.60586
2.96194
3.7018
2.29621
3.85171
3.93153
4.0378
3.11259
4.28588
2.67013
2.59997
3.10347
3.29695
3.75249
4.44354
3.69336
3.3022
3.56876
3.28273
3.27886
4.16088
3.10482
2.71217
2.62465
2.55604
2.34129
1.82501
2.1092
2.48795
2.71031
1.16269
1.93336
4.26938
4.75972
4.4302
4.96516
4.71876
3.9654
5.05577
4.56403
5.2306
4.58268
2.9847
2.64017
3.89997
3.16016
2.53771
3.61
2.4368
2.97383
3.44311
2.03562
4.12099
5.00981
4.86885
4.67334
5.31874
4.13218
4.95345
4.12472
4.25051
5.13621
3.83912
3.69502
4.03947
3.37741
4.41345
4.0148
3.67458
3.94677
3.78765
4.12012
3.0913
2.91288
2.40273
2.69223
3.69281
3.15635
2.86993
2.22405
2.48152
2.76238
4.34991
4.54841
4.90685
5.07804
4.96869
4.7767
3.11607
4.87689
4.63667
5.09153
3.72449
3.56999
3.36185
3.27741
2.90218
1.91771
3.60744
2.67824
2.61571
2.378
3.2548
3.34432
3.05674
2.92292
2.69189
2.39006
3.47836
3.172
3.17811
1.93336
4.6243
4.27783
4.27753
4.18619
3.37184
4.01854
3.99523
3.93232
4.17382
3.82564
2.65662
3.04164
2.87471
3.61575
3.42381
3.15098
2.35905
3.98731
3.67162
3.90726
3.45477
3.82078
3.29017
3.12099
4.18481
4.15773
3.90102
2.80277
3.4255
3.73002
4.08655
4.32415
3.34737
4.42326
3.33415
4.50847
4.05582
4.07739
2.67687
4.37496
3.43208
3.29065
3.21073
2.95162
3.0845
2.58183
2.33056
2.3436
2.92471
2.64512
3.40767
3.16455
3.62551
2.98519
2.90795
2.49929
3.04357
2.67041
2.14989
3.02083
3.7648
4.15989
3.74678
3.62915
3.47763
3.65386
3.3777
3.91793
3.38148
3.51232
4.55322
3.65642
4.05222
4.57758
4.25305
3.74497
4.56225
4.7124
3.75456
4.20336
3.44995
2.88404
1.45587
2.40146
2.36687
2.8452
3.72533
2.25138
1.21822
2.13533
3.57317
4.00597
3.3073
3.96994
3.99019
3.72985
3.68357
3.33936
2.97143
2.97656
3.6883
3.79761
3.80448
3.88888
3.18872
4.00459
2.93008
3.64448
3.57304
3.92462
3.17766
3.84203
3.74284
3.17722
3.50715
2.95737
3.72438
3.24626
3.37896
2.97601
4.0847
3.54374
3.44271
4.41197
3.83066
3.65406
3.3949
3.31467
3.59448
3.80157
4.0566
3.38433
3.68801
3.69835
3.16167
2.895
3.76133
3.45902
3.47357
2.30806
3.99042
3.50369
3.36963
2.98286
3.57269
3.59294
3.36294
2.26358
2.92855
3.02962
4.14484
2.97644
4.52676
4.0693
3.63917
3.16404
3.53533
2.17096
2.41432
2.63278
3.66628
4.05494
3.70705
4.17569
3.86406
2.30117
3.36843
3.14298
2.55682
3.13429
4.68722
3.82174
3.6037
4.64493
2.75222
3.97177
4.26787
3.80731
2.67207
3.15595
3.36583
3.73355
4.11424
4.15197
4.60409
3.56519
3.01913
3.44262
3.88717
2.80616
2.61092
2.3804
3.42575
1.25902
1.94318
2.36048
3.21183
2.96801
2.87019
3.66664
4.40318
4.27589
3.8133
3.16466
3.95552
4.22688
3.69489
2.99271
3.8395
3.10956
3.36212
4.16632
3.8078
3.95316
3.74464
2.50686
3.23061
3.37581
3.1606
2.36283
3.49265
2.98774
4.47564
3.29271
4.23579
4.11927
2.27339
4.35833
4.7948
4.63711
4.02948
3.45671
3.9718
3.67758
4.00074
3.03962
3.2381
2.81834
3.55687
3.32754
3.854
4.42711
2.67618
4.55132
4.10332
3.4367
3.50351
3.26287
3.85697
3.58664
3.64784
3.30769
3.281
3.36793
2.61936
2.8087
3.3705
3.57558
3.37137
3.20008
3.7503
4.27442
3.59113
4.32892
4.43132
3.92413
3.48998
3.88284
4.08676
4.47404
4.05335
3.24249
3.24487
3.86499
3.66825
3.61404
2.93991
2.38971
3.64874
3.10739
3.76377
3.64015
2.17436
3.74435
3.51756
3.43092
3.92921
4.25219
1.74643
3.12527
3.79475
3.99555
2.73756
4.20289
4.25945
3.71135
3.79696
3.66996
2.95333
3.07004
0.994271
1.21623
2.93125
2.04097
1.6922
1.60918
2.32127
1.81331
2.42422
2.42583
4.46701
4.63928
4.49791
3.7238
4.16532
2.98589
4.50941
3.6792
3.0293
4.15074
2.62852
3.52223
3.21127
3.23387
2.59694
2.34099
3.14763
2.95473
2.92417
2.48846
3.14042
2.35761
3.61163
3.01478
3.22301
4.08591
2.37529
2.56886
2.82778
3.48075
3.54213
3.95069
3.94762
3.51343
3.93011
3.075
3.61256
3.09123
2.7694
2.48272
2.38478
3.21435
2.90868
3.06813
2.47334
2.72045
2.6543
2.95778
3.0602
2.07886
3.20244
4.14339
3.1099
2.86864
2.77653
3.09257
2.73324
2.51163
2.44236
2.55895
3.18773
2.89816
2.8345
3.54756
3.65621
3.69199
4.06898
3.20568
3.32568
3.56031
3.76666
4.13392
4.60884
3.97534
2.97618
3.83235
3.58219
2.8223
3.84105
3.37192
3.45087
2.27785
3.22292
2.29963
1.92213
3.1424
3.69363
3.09535
3.36377
3.7937
3.45746
3.73217
3.65988
3.53346
3.79702
3.33389
3.55043
3.8081
3.35881
3.60674
3.70575
3.63805
3.41728
3.40277
2.97044
3.31858
3.17824
3.06472
3.33765
3.46654
3.80009
3.33217
3.48492
3.4136
2.31745
2.96017
2.67546
3.92363
3.21815
3.43711
4.11605
3.49189
4.30586
4.42851
4.31662
4.37634
3.15083
2.89164
3.90591
4.21198
3.49059
3.73199
4.00665
3.45925
3.70573
4.18569
3.86428
4.25447
3.29631
4.20562
3.82657
4.00601
3.86277
3.279
3.48638
3.41718
2.83727
2.79939
3.24244
2.19527
4.46792
4.08225
2.79503
3.16583
2.5325
3.17331
3.46844
2.62497
2.56523
2.25275
2.99781
2.72957
3.65429
2.9831
3.64659
2.84911
3.63977
2.02647
1.31829
1.77953
3.59983
2.79399
2.96925
3.57969
3.08272
2.80275
3.56573
3.17367
3.72097
3.2259
3.71748
4.53509
4.00799
4.2461
3.75587
3.34054
4.18905
3.57987
3.87011
3.38058
3.83761
4.04582
3.4184
3.6989
3.9498
3.57435
4.26098
3.58131
4.07726
3.19518
2.94002
3.20128
2.87571
3.08082
2.89121
3.00432
2.67115
2.80321
3.00096
3.19184
3.69751
4.15471
3.67276
3.39012
3.64523
3.4334
2.56466
3.34458
2.86884
3.21217
5.06343
3.5473
4.68892
3.69361
4.47241
4.58818
3.94229
4.50606
4.16473
3.84087
3.4463
3.90307
3.74588
3.26744
3.51157
4.27093
3.81311
3.60133
3.61018
2.9115
4.04896
3.22662
3.28896
3.43841
3.62744
3.10072
2.96302
3.39217
3.53911
3.67698
3.61053
3.48314
3.13426
3.32561
2.84129
3.53988
3.04595
3.66055
2.85711
3.38314
4.06394
3.47096
3.30269
3.0352
3.13706
3.97837
3.37374
2.7738
3.75139
3.41234
3.6911
3.7816
3.12883
3.20744
3.34105
2.96656
3.56301
3.62376
2.7714
3.54821
3.70135
3.45194
3.03709
2.77794
3.98855
3.64046
3.49717
4.06633
3.58238
2.92413
3.71423
3.26306
3.12787
2.76504
2.9482
3.18039
3.51528
3.33804
2.16236
3.26867
2.25777
3.04362
3.01723
3.37464
3.23943
2.56519
2.48339
3.12918
3.56614
1.93014
2.62306
3.33925
3.22867
3.7945
3.23649
1.87543
3.13776
3.45417
2.78773
3.85618
3.69228
3.34601
3.79776
3.12794
3.55619
3.309
3.11607
2.65402
3.88144
2.4676
4.61973
4.3063
3.33348
4.02739
4.41869
3.99268
4.18985
4.62389
3.73694
3.27069
4.09017
4.35143
4.38397
3.79327
3.86891
4.43862
4.00358
3.53916
4.3371
4.10388
3.55979
3.63917
3.39178
3.37725
3.50116
3.84878
3.30078
3.63554
3.4185
2.54589
3.13074
3.30472
2.7597
2.77704
2.46928
3.04768
2.846
2.87471
3.03546
2.71681
2.93174
2.77402
2.27183
2.13453
2.84531
2.89767
3.05559
1.99779
2.22975
2.67674
3.84322
3.91401
3.20917
4.01365
3.76106
4.09903
3.87334
3.65877
3.71555
3.69434
4.4037
4.09813
3.75862
3.80516
4.55258
4.28899
3.3578
3.18225
4.2326
3.04769
3.30788
3.66499
4.37373
3.15563
4.72082
3.97487
4.64271
4.32897
4.29554
3.93877
2.64696
2.65948
3.11734
2.78604
2.46114
3.91459
2.81749
4.02865
3.54941
2.14208
4.55327
4.7069
4.67433
3.99578
4.58722
4.53176
4.75496
4.43532
4.03193
3.97108
3.41657
3.28482
3.66241
3.25913
2.9131
3.38572
3.18145
2.44534
3.36842
2.86695
3.86122
3.90871
3.81206
3.15928
2.77368
2.91955
2.39938
2.32897
2.81196
2.8966
4.52425
4.46016
3.68565
4.19821
4.12062
3.91636
4.56775
3.35367
3.5117
3.87409
3.87746
4.14764
3.56585
3.24472
3.43354
3.53416
4.02763
3.35399
3.35416
3.02355
3.78372
4.10708
3.42974
4.91635
3.40018
3.5922
3.84046
3.16171
3.93974
3.50212
2.45767
3.79138
2.50706
3.68507
4.32576
2.52594
2.61606
2.28585
3.70638
3.04768
2.8904
2.74912
1.79611
2.79902
2.5288
1.69164
1.53268
1.97588
1.48215
1.32444
3.84552
2.55585
4.07643
3.68
4.55666
3.95442
3.56795
3.5655
3.12225
3.49075
4.29569
4.13889
3.63095
2.99008
3.71613
1.09704
3.6702
3.8391
2.47906
1.96817
4.55783
4.44039
4.49344
4.33544
4.54081
4.36487
4.55114
4.23084
4.6798
3.95662
3.47748
0.943034
2.3197
3.06901
2.8329
2.85282
3.09306
3.1014
1.98505
2.14749
4.20704
4.298
4.68479
4.28096
3.02162
4.15437
3.41712
4.33966
3.39795
3.89368
3.41667
4.14278
3.83357
3.9467
3.92155
3.91818
3.12597
3.95034
3.64154
3.44534
4.23766
4.09112
4.48087
3.83959
3.9735
3.06869
2.30008
2.92853
4.22089
4.35207
2.59472
2.6632
2.9566
2.81877
2.3222
2.4785
2.64139
2.55289
2.72993
3.50662
3.35697
2.98509
4.24134
3.90242
4.26406
3.96989
3.24428
3.79716
4.21409
2.91801
4.00034
3.56775
3.84804
3.96582
3.86402
3.83445
3.20977
3.95625
3.13803
3.08423
4.03488
4.10504
4.24221
3.81028
3.68976
3.86268
3.42234
3.16516
3.8931
3.49644
3.80253
3.66975
3.42824
3.57845
3.919
3.22615
4.23074
3.21952
3.56802
4.27091
3.16394
3.38719
3.05473
3.63009
2.99006
2.72219
3.39343
2.87363
3.27461
2.66232
3.41924
3.43694
3.76075
2.95633
2.34456
3.97489
3.49716
3.50768
3.13564
3.31948
3.79801
4.11966
3.72692
4.3938
3.16749
3.71032
2.50555
3.94588
3.46089
3.07868
2.53537
3.17664
3.5141
3.86142
2.99917
2.94968
1.79024
3.10926
3.02639
2.24523
4.71924
4.30838
4.26861
3.66505
3.57687
3.45746
4.18471
3.57848
3.60743
3.78453
2.86888
3.3872
3.10147
3.41476
2.64437
2.6867
2.85283
2.84912
2.45877
2.42612
3.37671
4.07815
3.72794
3.24296
4.0126
3.35566
2.92654
3.39479
3.43819
3.91352
3.82935
4.75943
2.78337
4.22831
4.44397
4.64013
4.52044
4.56738
3.57875
3.91467
3.22523
3.82759
2.95921
3.76459
2.78544
3.31805
2.39482
3.54081
3.03635
2.3834
4.03206
3.70464
3.16942
3.41315
2.34603
3.72388
3.00694
2.97337
3.47736
3.20582
3.72202
3.23209
3.54665
2.34301
2.53264
2.68417
1.7313
2.50663
1.7704
1.68292
3.86082
3.6745
3.45011
2.86726
3.53548
3.38017
2.85495
2.84105
2.1455
3.50591
4.2956
4.44695
4.17872
3.79271
3.45325
4.51816
4.32044
4.04962
4.29348
3.34205
3.66984
3.88666
4.43736
4.0172
3.7604
2.06732
3.40444
4.11016
3.64857
3.03157
3.32225
5.04864
3.83031
4.50606
4.634
4.05743
4.93741
3.87436
2.40845
4.63395
3.53586
3.34577
3.72124
4.39874
3.74196
3.72921
3.03268
2.48941
3.64644
2.85995
1.05759
2.36464
3.41763
3.90876
4.2444
1.30005
3.0721
2.18213
2.86599
3.72287
3.63739
3.90458
4.00573
3.95301
3.95411
4.2276
3.67619
3.15969
3.7121
2.27963
3.08297
3.67677
3.39341
3.4566
3.24507
4.38418
2.67713
3.97562
3.53323
2.5661
2.88336
3.74017
3.99441
3.83001
2.95505
2.99647
2.09987
3.2477
4.08281
3.95095
4.33212
4.05453
3.71507
4.35025
4.11535
4.09854
4.09348
4.03761
3.55696
3.52148
3.47777
4.69763
3.98889
4.67813
3.35729
5.07231
5.05319
3.52592
4.00382
4.80615
3.5285
4.35114
3.96706
3.2286
3.97496
3.57858
4.11845
3.05662
2.23078
2.80756
4.24251
4.28151
4.20304
4.34811
5.71291
4.14017
4.40266
4.52524
4.56231
4.69337
4.55483
3.80698
4.40251
4.06472
4.0125
4.32767
4.23089
3.96447
4.32261
3.68564
3.344
2.60157
2.7063
3.94625
3.62727
3.52289
2.85078
3.3441
3.69102
2.44
3.13428
2.51197
3.55026
2.99545
3.32607
3.0305
3.00295
2.26352
1.96127
2.22555
3.20347
3.20423
3.16076
2.99183
3.19283
2.86074
2.20435
1.65381
2.99824
2.64685
4.45373
3.53393
3.56592
4.15553
4.22225
4.30696
2.89273
4.42119
3.72948
2.90822
4.65568
3.18895
3.75034
3.73968
3.7764
5.19034
3.93918
3.723
3.6485
3.66298
3.71665
3.45421
2.9979
2.88325
3.66528
3.40938
3.09707
3.37977
2.69599
2.90168
3.18536
4.10904
4.21973
2.80827
3.22055
2.85402
3.46692
3.32864
2.84908
2.7521
4.5077
4.25066
4.08358
4.16436
4.45987
3.54315
4.27514
1.59975
3.83997
4.37725
2.22841
2.59502
2.94333
2.89173
3.13248
3.82268
3.88855
2.36757
2.89251
2.45405
5.25922
4.43274
3.48806
4.2055
4.99229
4.39765
4.59774
4.8348
4.25642
4.37762
3.07499
3.67284
2.91725
3.84692
2.61097
3.24967
2.38955
2.46213
2.62965
3.32343
3.63785
4.09378
3.31818
4.90191
4.17109
4.43681
3.91998
4.01867
3.25667
2.7156
3.16907
2.31658
1.95798
2.11048
2.46878
2.27597
2.65232
1.86544
1.94039
2.28606
2.37984
3.55514
2.91863
3.33058
3.72656
2.7651
3.6288
2.95686
3.66965
3.48323
3.28128
4.55235
3.76415
4.49242
4.21123
4.00794
4.58094
3.16333
4.02436
2.74697
3.60614
3.45718
4.00684
2.96254
4.22443
2.99966
3.29819
3.14763
3.02506
3.38316
2.84699
3.21486
3.30651
3.18955
2.37002
3.19078
2.32577
3.52497
2.96248
2.68891
3.79697
3.87057
3.22496
3.69729
2.64598
4.2676
2.85597
3.9417
3.19103
3.30552
4.13055
3.88719
4.22638
2.85102
3.13675
3.13162
3.60616
2.27699
4.16712
3.58079
3.90548
3.98495
4.12754
2.7682
3.37456
3.29623
3.04102
3.45899
2.12715
3.73182
3.04006
3.44043
2.8023
2.82576
2.94304
3.16974
3.05411
3.25223
2.16626
2.21398
2.20572
3.44574
3.95799
2.10267
3.842
3.02896
3.82253
2.84064
2.13092
2.87405
4.09513
4.36886
4.27161
4.2328
4.3042
4.15366
4.16975
4.93689
3.75857
4.00343
4.15838
4.22511
3.99656
4.29342
2.73378
3.46494
3.95037
4.37818
4.11108
3.69393
4.34285
4.0838
4.23842
3.60729
3.62925
4.05198
3.75448
2.69906
3.05868
4.18259
3.45003
2.73915
2.29914
3.1654
3.32483
2.70647
2.68664
2.69821
3.00743
3.21822
3.37065
4.63784
4.64269
4.36038
3.79436
4.75826
3.88562
3.51617
3.71723
3.02635
3.03551
3.25412
2.92847
3.34458
2.36286
3.52664
2.73944
3.4582
2.68967
3.78403
4.25607
4.11723
4.02549
3.42662
4.3583
4.67773
4.25218
4.36777
3.59542
3.34472
4.00242
4.89652
3.65563
3.80149
3.44549
3.82257
2.22019
3.77571
3.70604
3.11094
4.31943
4.46725
3.91466
4.16784
4.57737
3.56955
3.47044
3.33103
3.61003
2.92525
3.04959
3.07822
2.83048
3.19494
2.25963
2.74856
1.63929
3.14063
2.94414
2.48087
4.01935
3.73309
3.05165
3.56934
3.6357
3.51422
3.3093
3.8405
2.87909
2.91042
3.08024
3.71217
3.21022
3.78401
3.50431
2.07229
2.76256
1.93889
4.26304
3.23173
4.27437
4.09431
3.38055
3.39731
1.84395
3.90751
3.52168
3.13359
3.09406
2.91947
3.04837
2.83196
2.72654
2.49736
2.49889
3.25064
2.31213
1.7837
2.82244
3.15571
3.34324
4.42722
4.56388
4.1755
3.62096
4.17579
4.25508
4.21774
4.46843
3.50659
5.35296
4.56544
5.27523
5.51667
5.7743
4.52226
5.04611
5.46443
5.24947
4.37511
4.08904
3.28026
4.61943
4.21742
4.56055
4.21999
4.8649
4.66286
3.69015
4.10557
4.26731
3.31883
3.43752
4.46872
2.78828
3.57947
4.29374
3.62787
3.50965
3.55932
3.41304
3.95355
3.62295
3.88869
3.24281
4.42542
3.26736
3.08291
3.56172
3.66072
2.67694
3.04117
2.84731
3.22626
3.11831
2.83457
3.10756
3.02802
3.00676
2.47985
3.34876
2.50111
2.95585
3.31848
3.21685
2.08966
3.9432
3.72392
2.8747
2.71561
3.57035
3.46777
3.27928
3.4964
3.63405
3.54695
2.99766
3.31735
3.39314
3.1847
3.5156
3.60024
4.24224
4.01473
2.7546
2.68381
2.2681
3.12088
3.27906
3.13973
4.00452
3.95638
3.04193
3.61294
3.29858
2.49899
3.26946
3.66538
1.872
3.2446
4.42221
3.93967
4.07876
4.12041
3.49493
3.93875
3.38545
3.41182
3.5642
3.49002
3.85604
3.80338
3.46284
3.83425
3.88891
3.70557
3.43365
3.16804
3.35348
2.69815
3.14991
2.93951
3.5599
3.39588
2.80076
2.47846
3.51934
3.60967
2.95866
2.49841
3.82459
4.24706
4.39626
4.47573
3.66302
3.417
3.53276
4.24315
3.57687
2.36445
4.95157
4.85214
4.86539
4.41253
4.75611
4.14243
3.89272
4.85744
2.75536
4.41765
2.7854
3.3166
3.45079
4.08248
2.03896
2.75622
2.77022
2.87181
3.64779
3.43175
4.90028
3.16461
4.02997
4.41581
4.35224
3.89384
4.65634
3.73315
3.3831
3.39533
3.05894
1.94197
3.70519
2.04842
1.41525
1.9808
1.90289
1.74109
1.75095
1.6706
2.7509
2.42775
1.91736
2.83935
2.5025
2.50502
2.30993
2.28074
2.593
2.42148
4.48674
4.17077
4.1316
4.35019
4.14462
4.14918
4.65649
4.5688
3.7717
4.133
3.0691
2.80568
3.18475
0.835691
2.32217
2.16497
3.1168
1.87188
1.47678
1.37906
4.17964
1.81117
3.57889
3.14066
2.61292
2.56004
1.97256
2.56344
1.93873
3.33004
2.64961
3.80183
3.30623
3.7739
4.0541
3.8548
3.73968
3.00268
3.41984
2.98533
3.11402
4.60683
3.75569
2.90015
3.36384
3.77156
3.09518
3.58928
3.11313
3.13056
3.58155
3.02321
3.30751
3.63859
3.26157
3.4264
3.84049
3.6097
3.67067
3.18249
3.2095
2.60642
2.5657
3.24996
2.72993
3.612
3.8558
2.21557
3.00437
3.20133
4.13714
3.67973
4.29426
4.24175
3.87969
2.91921
3.77326
3.2846
3.66633
2.29948
3.96323
4.80696
4.35587
4.33685
3.83708
4.78429
4.30949
3.96499
3.47338
4.35024
4.44557
4.86222
4.95175
4.61434
4.39709
4.3848
3.38478
2.69738
4.31345
4.66973
3.69127
4.01593
3.81252
3.66774
3.0207
3.69534
4.07405
3.68572
4.56664
3.45529
3.49514
3.01285
3.86286
3.65995
3.32869
2.94935
3.50425
3.68198
2.95674
2.83667
3.72409
4.20959
4.06845
3.368
3.66138
3.7055
3.86474
3.83759
2.91014
3.04056
3.43406
2.99476
3.42675
3.69777
2.94079
1.92547
4.40066
3.02046
2.79297
2.85666
3.21513
2.39264
3.31478
3.7029
3.68445
3.74391
3.48349
3.55956
2.99898
2.8842
4.31478
3.4249
4.47406
3.96651
4.33586
4.3643
4.4649
3.19822
4.43571
3.2323
3.99473
4.23394
3.61652
4.08437
3.98689
3.45221
4.08045
3.52776
3.17377
3.75692
4.17349
3.47914
3.83306
4.0879
4.0026
4.34293
4.12865
3.88595
2.31075
2.02077
3.52997
3.13462
3.28535
3.70472
3.06983
2.63335
2.92356
3.00428
3.16565
2.52769
3.53151
3.33543
3.11818
3.24541
3.5793
3.08634
2.67254
3.16221
1.73722
2.38126
4.40551
3.33557
3.86471
3.18589
3.61528
3.74308
2.85721
3.93222
3.88642
3.31008
4.26287
3.52579
4.25854
4.21479
3.89034
3.85112
3.5959
3.70645
3.68357
3.17872
3.48118
3.36167
3.00404
3.78414
3.28435
4.00361
3.70795
3.73851
3.84355
3.50464
4.50231
4.57574
2.45215
3.5046
4.35336
3.98948
3.58824
3.30996
4.09203
4.332
4.49232
4.41186
3.93825
3.80242
3.91591
4.32514
4.71153
3.40964
4.55048
3.80456
4.42528
4.65439
3.91932
3.83318
3.98388
3.00171
4.683
3.34758
3.07451
3.10276
4.19268
3.89013
3.93698
3.52033
3.43034
2.66159
3.46299
3.51243
3.07044
3.65001
3.6574
4.48332
3.80634
3.95711
3.98678
3.99176
3.2545
2.97172
3.45152
3.1877
3.50322
4.68215
3.81121
4.36008
4.27931
3.39311
3.52459
3.13791
2.27196
3.27888
2.78907
2.8365
3.62694
2.51745
2.67707
3.05697
3.23292
3.21122
2.8136
3.23026
4.24261
4.34781
3.91787
3.29505
3.43834
3.57202
3.52255
4.34281
3.52768
3.49886
4.05118
3.98428
3.41061
3.40692
3.54517
3.22167
3.27384
2.72669
3.09387
3.51459
3.12978
3.76504
3.15806
3.81137
2.5135
3.82177
3.50604
3.18043
3.59667
3.17669
2.36183
1.79502
2.51276
2.92707
2.00713
3.03507
2.13791
3.03351
3.03125
2.82837
4.08277
4.84991
3.14603
3.88741
3.23453
3.0908
3.55345
2.85564
2.83433
3.01537
4.04158
3.7628
2.83695
3.43006
3.05148
4.25767
2.83518
3.15007
3.88328
3.1485
4.53207
4.60377
4.08053
3.86605
4.50168
2.49208
3.47375
3.60171
2.82078
2.70984
3.46441
3.9735
3.89347
3.38644
3.98089
3.68746
3.87813
3.80864
3.95553
3.59803
3.47416
3.4808
2.68257
3.63063
3.42915
3.40458
3.04277
3.12055
3.40645
2.42499
3.8419
4.03062
4.52149
3.06613
3.66583
3.48463
4.27067
3.72132
3.39572
3.52881
4.43518
3.17469
4.54832
3.99581
4.79368
4.28054
4.39231
4.06094
4.2253
2.52126
3.12223
3.44513
3.80466
3.02072
3.53863
3.43337
2.84621
3.22685
3.65114
3.49134
4.0368
4.73171
4.17785
4.30063
4.27733
4.20948
4.69191
4.36344
3.3249
4.40735
3.63913
3.80042
2.95083
3.60438
3.39707
2.31477
3.05271
3.36898
2.89992
2.90885
4.06006
4.09044
4.07256
3.7495
4.09657
3.36033
3.75509
3.93845
4.15926
3.82862
3.88351
3.909
3.11668
3.50812
3.43074
3.14008
3.86181
4.04002
4.20058
2.97266
3.66196
4.00773
3.40239
3.22349
3.68111
2.20311
2.90103
4.14982
3.67736
2.55892
3.25284
3.28014
2.78512
3.67073
3.07782
3.15884
3.21455
3.17646
3.64808
3.40587
3.16986
2.95162
2.60824
3.00896
2.8157
2.68155
3.51798
2.66461
2.58782
2.72937
4.33414
3.53264
2.95682
2.87277
2.67637
3.06177
3.85237
3.3001
2.73068
3.94188
3.73092
3.77395
3.36829
3.85292
2.92605
3.54278
3.31068
3.16916
3.85994
2.8896
3.46313
3.29494
2.74413
2.84364
3.34062
3.85331
2.47452
3.8522
3.09411
3.07972
3.63135
2.18316
3.31194
3.30855
2.52949
2.85495
2.33111
3.01988
3.33181
3.86719
3.2037
3.23148
3.06276
3.10423
2.90753
3.14041
2.90942
2.38625
2.63883
3.09401
3.80983
3.44992
2.59091
3.16867
3.82823
4.35491
3.70323
3.33874
3.02555
3.23815
3.15909
3.7748
3.76883
3.32772
4.00982
3.80914
2.96211
3.0786
2.82167
3.2309
3.72468
5.01529
4.42084
4.45136
4.08995
3.00265
3.60014
4.32416
3.44033
3.68316
3.31489
3.8162
3.26889
4.18601
4.21675
3.5651
3.16355
3.75774
2.64938
3.27538
2.8487
3.34593
3.14687
3.1784
2.17723
2.5292
3.05902
2.46967
3.14022
2.2167
3.60415
3.54663
3.42323
2.96367
3.23559
3.51537
4.04009
2.55694
2.69726
3.69548
3.68835
4.14808
3.32846
3.11148
4.09733
3.77944
3.44522
3.72325
2.6747
3.21212
4.80094
4.8456
4.7469
3.62415
3.09242
5.05771
2.92363
3.36101
4.84269
3.08551
3.63375
2.87083
3.67027
3.64838
3.27236
3.25471
3.02153
3.66105
3.54991
3.13261
3.26556
3.15206
3.12291
2.68494
2.88109
3.17756
2.70678
2.24292
3.47793
2.59175
4.2065
3.47178
3.99649
3.30846
3.61024
3.81466
2.56842
3.44836
2.62113
3.21179
3.63892
3.68272
2.1859
4.23345
3.60846
4.48138
3.94113
4.07174
3.48131
3.64392
3.02929
3.60659
3.44842
3.13986
3.44627
3.22905
2.85118
3.28371
1.45297
2.5242
3.59638
4.35349
3.59832
3.88133
4.00236
3.85423
3.87727
4.02729
3.40202
3.01759
3.68221
4.39793
3.74143
4.0285
3.51505
3.98337
3.51752
3.34056
4.38944
3.45977
2.98989
3.56049
4.05801
3.08938
4.76217
3.9844
4.1437
3.13861
3.50503
2.62484
3.53436
3.28807
3.48882
3.76435
3.36673
3.71688
3.90953
3.35682
3.47616
3.74701
1.91969
3.4911
2.46652
4.28624
3.37773
3.16544
3.12384
3.17969
2.28266
2.47621
3.9123
4.73923
5.03061
4.15905
4.25691
3.92547
2.85985
4.47803
2.84447
4.30752
2.98955
3.31322
3.37941
3.47673
3.98922
2.7037
3.53627
3.53252
3.50672
2.86538
4.1629
3.83584
3.59188
4.40632
3.32549
4.32165
3.91621
4.04364
4.14836
3.52213
4.24894
4.11471
3.10479
3.41327
4.5278
4.75596
4.40178
4.13828
4.40512
4.29193
4.42029
3.4206
3.14567
4.05177
3.52377
3.40033
2.98699
2.64489
2.84097
3.17221
